torrent_480.fq.bwa.read1.fastq.soap.bam 10 1000000 269 0 1 0.000269 0.000537855 0.0045534
torrent_200.fq.bwa.read1.fastq.soap.bam 10 1000000 28582 6 0.99979 0.028588 0.0555866 0.333444
torrent_100.fq.bwa.read1.fastq.soap.bam 10 1000000 167814 63 0.999625 0.167877 0.287475 0.774038
torrent_50.fq.bwa.read1.fastq.soap.bam 10 1000000 401530 465 0.998843 0.401995 0.573271 0.918615
torrent_100.fq.bwa.read1.fastq.bwaaln.bam 10 1000000 489606 498 0.998984 0.490104 0.657592 0.941481
torrent_200.fq.bwa.read1.fastq.bwaaln.bam 10 1000000 163551 163 0.999004 0.163714 0.281325 0.768391
torrent_50.fq.bwa.read1.fastq.bwaaln.bam 10 1000000 722510 1040 0.998563 0.72355 0.839097 0.976725
torrent_50.fq.bwa.read1.fastq.bt2.bam 10 1000000 707628 177 0.99975 0.707805 0.82882 0.976068
torrent_50.fq.bwa.read1.fastq.tmap.bam 10 1000000 744038 695 0.999067 0.744733 0.853353 0.979392
torrent_50.fq.bwa.read1.fastq.star.bam 10 1000000 830214 1200 0.998557 0.831414 0.907352 0.986887
torrent_50.fq.bwa.read1.fastq.bwamem.bam 10 1000000 851960 189 0.999778 0.852149 0.920079 0.989692
torrent_50.fq.bwa.read1.fastq.sr.bam 10 1000000 859473 46075 0.949119 0.905548 0.926822 0.94644
torrent_100.fq.bwa.read1.fastq.bt2.bam 10 1000000 799883 36 0.999955 0.799919 0.888821 0.985459
torrent_100.fq.bwa.read1.fastq.bwamem.bam 10 1000000 897289 23 0.999974 0.897312 0.945865 0.993289
torrent_100.fq.bwa.read1.fastq.tmap.bam 10 1000000 772525 778 0.998994 0.773303 0.871778 0.982133
torrent_100.fq.bwa.read1.fastq.sr.bam 10 1000000 871713 26663 0.970321 0.898376 0.932964 0.965771
torrent_100.fq.bwa.read1.fastq.star.bam 10 1000000 862647 797 0.999077 0.863444 0.926322 0.98993
torrent_200.fq.bwa.read1.fastq.sr.bam 10 1000000 617155 12244 0.980547 0.629399 0.766678 0.94939
torrent_200.fq.bwa.read1.fastq.tmap.bam 10 1000000 782861 821 0.998952 0.783682 0.878319 0.983067
torrent_200.fq.bwa.read1.fastq.star.bam 10 1000000 822627 371 0.999549 0.822998 0.902722 0.987093
torrent_200.fq.bwa.read1.fastq.bwamem.bam 10 1000000 917181 6 0.999993 0.917187 0.956802 0.99471
torrent_200.fq.bwa.read1.fastq.bt2.bam 10 1000000 861480 10 0.999988 0.86149 0.925587 0.99062
torrent_480.fq.bwa.read1.fastq.sr.bam 10 1000000 173863 3765 0.978804 0.177628 0.300689 0.773563
torrent_480.fq.bwa.read1.fastq.bwaaln.bam 10 1000000 3789 5 0.998682 0.003794 0.00755928 0.0608022
torrent_480.fq.bwa.read1.fastq.star.bam 10 1000000 659484 126 0.999809 0.65961 0.794837 0.970369
torrent_480.fq.bwa.read1.fastq.tmap.bam 10 1000000 789770 988 0.998751 0.790758 0.882667 0.983533
torrent_480.fq.bwa.read1.fastq.bt2.bam 10 1000000 895952 3 0.999997 0.895955 0.945121 0.993213
torrent_480.fq.bwa.read1.fastq.bwamem.bam 10 1000000 930997 1 0.999999 0.930998 0.964266 0.995658
