hsa_100bp_16del.fasta.soap.bam 10 61994723 1 1 0.5 3.22608e-08 6.45216e-08 5.48433e-07
hsa_100bp_16del.fasta.star.bam 10 61994723 3630 1904 0.655945 8.92657e-05 0.000178507 0.00151422
hsa_100bp_16ins.fasta.soap.bam 10 61994723 0 0 0
hsa_100bp_16ins.fasta.star.bam 10 61994723 38 2 0.95 6.45216e-07 1.29043e-06 1.09686e-05
hsa_100bp_16snp.fasta.soap.bam 10 61994723 161 8 0.952663 2.72604e-06 5.45206e-06 4.63406e-05
hsa_100bp_1ins.fasta.soap.bam 10 61994723 3078590 189840 0.941917 0.0527211 0.0998532 0.472821
hsa_100bp_1del.fasta.soap.bam 10 61994723 4838539 320105 0.937948 0.083211 0.152861 0.584671
hsa_100bp_16del.fasta.bwaaln.bam 10 61994723 3 5 0.375 1.29043e-07 2.58086e-07 2.19372e-06
hsa_100bp_16del.fasta.bt2.bam 10 61994723 3 1 0.75 6.45216e-08 1.29043e-07 1.09687e-06
hsa_100bp_16del.fasta.sr.bam 10 61994723 1422208 183313 0.885823 0.0258977 0.0503241 0.299952
hsa_100bp_16snp.fasta.bwaaln.bam 10 61994723 73354 2895 0.962032 0.00122993 0.00245672 0.0204897
hsa_100bp_2del.fasta.soap.bam 10 61994723 433591 43431 0.908954 0.00769456 0.0152599 0.115204
hsa_100bp_16snp.fasta.bt2.bam 10 61994723 73833 122 0.99835 0.00119292 0.00238299 0.0198992
hsa_100bp_16ins.fasta.bwaaln.bam 10 61994723 0 0 0
hsa_100bp_16ins.fasta.bt2.bam 10 61994723 0 0 0
hsa_100bp_16ins.fasta.sr.bam 10 61994723 916401 59940 0.938608 0.0157488 0.0309778 0.211066
hsa_100bp_16snp.fasta.sr.bam 10 61994723 2397405 356391 0.870582 0.0444198 0.0845268 0.415739
hsa_100bp_2ins.fasta.soap.bam 10 61994723 102493 8745 0.921385 0.00179431 0.00358165 0.0295816
hsa_100bp_16del.fasta.bwamem.bam 10 61994723 6064100 238408 0.962173 0.101662 0.183894 0.642345
hsa_100bp_16ins.fasta.bwamem.bam 10 61994723 18589842 283605 0.984973 0.304436 0.465114 0.870506
hsa_100bp_16snp.fasta.star.bam 10 61994723 30920544 1029366 0.967782 0.515365 0.672571 0.920261
hsa_100bp_2ins.fasta.bwaaln.bam 10 61994723 13093129 674504 0.951008 0.222077 0.360071 0.797104
hsa_100bp_2del.fasta.bwaaln.bam 10 61994723 16292738 894048 0.947981 0.27723 0.429002 0.829872
hsa_100bp_16snp.fasta.bwamem.bam 10 61994723 37944197 565553 0.985314 0.621178 0.761978 0.95247
hsa_100bp_1snp.fasta.bwaaln.bam 10 61994723 55527564 7887 0.999858 0.895809 0.944978 0.993073
hsa_100bp_1ins.fasta.bt2.bam 10 61994723 53821501 99122 0.998162 0.869761 0.929548 0.989569
hsa_100bp_1snp.fasta.bt2.bam 10 61994723 54923053 2 1 0.885931 0.939516 0.992483
hsa_100bp_1del.fasta.bwaaln.bam 10 61994723 55286627 469757 0.991575 0.899373 0.943226 0.985631
hsa_100bp_4del.fasta.soap.bam 10 61994723 5640 801 0.87564 0.000103896 0.000207767 0.00176289
hsa_100bp_1ins.fasta.sr.bam 10 61994723 52450992 2029514 0.962748 0.878793 0.918857 0.957368
hsa_100bp_1del.fasta.bwamem.bam 10 61994723 54552220 21341 0.999609 0.880294 0.936165 0.991702
hsa_100bp_1del.fasta.bt2.bam 10 61994723 53710955 116666 0.997833 0.868261 0.928549 0.98915
hsa_100bp_1del.fasta.star.bam 10 61994723 55344743 514088 0.990797 0.901026 0.943782 0.985024
hsa_100bp_1ins.fasta.bwamem.bam 10 61994723 54585553 8666 0.999841 0.880627 0.936455 0.991942
hsa_100bp_4ins.fasta.soap.bam 10 61994723 152 21 0.878613 2.79056e-06 5.5811e-06 4.74371e-05
hsa_100bp_1ins.fasta.bwaaln.bam 10 61994723 55358670 283747 0.994901 0.897535 0.943713 0.988593
hsa_100bp_1ins.fasta.star.bam 10 61994723 55373736 400577 0.992818 0.899662 0.943947 0.986807
hsa_100bp_1snp.fasta.soap.bam 10 61994723 55650665 84585 0.998482 0.899032 0.946151 0.992027
hsa_100bp_1snp.fasta.sr.bam 10 61994723 53436584 2166033 0.961044 0.896893 0.927861 0.957017
hsa_100bp_1snp.fasta.star.bam 10 61994723 55601061 217772 0.996099 0.90038 0.945824 0.989909
hsa_100bp_4del.fasta.bwaaln.bam 10 61994723 638603 93180 0.872667 0.011804 0.0232929 0.164966
hsa_100bp_2del.fasta.star.bam 10 61994723 46862603 995820 0.979192 0.771976 0.863324 0.963971
hsa_100bp_1del.fasta.sr.bam 10 61994723 52403006 2107903 0.961331 0.879283 0.918478 0.956083
hsa_100bp_1snp.fasta.bwamem.bam 10 61994723 54680495 16140 0.999705 0.882279 0.937329 0.991939
hsa_100bp_4ins.fasta.bwaaln.bam 10 61994723 145792 15612 0.903274 0.00260351 0.00519205 0.0423085
hsa_100bp_2del.fasta.sr.bam 10 61994723 49511095 1990011 0.96136 0.830734 0.891286 0.952549
hsa_100bp_8del.fasta.soap.bam 10 61994723 17 4 0.809524 3.38739e-07 6.77478e-07 5.75852e-06
hsa_100bp_2del.fasta.bt2.bam 10 61994723 53490105 110925 0.997931 0.864606 0.926497 0.98896
hsa_100bp_8del.fasta.star.bam 10 61994723 1052639 49784 0.954841 0.0177825 0.0349148 0.232903
hsa_100bp_2ins.fasta.bwamem.bam 10 61994723 54494595 13958 0.999744 0.879245 0.935631 0.991749
hsa_100bp_2del.fasta.bwamem.bam 10 61994723 54402057 22412 0.999588 0.877889 0.934794 0.991503
hsa_100bp_2ins.fasta.sr.bam 10 61994723 49604463 1890672 0.963284 0.830637 0.892056 0.954319
hsa_100bp_8ins.fasta.soap.bam 10 61994723 0 0 0
hsa_100bp_2ins.fasta.bt2.bam 10 61994723 53231805 56176 0.998946 0.859557 0.924024 0.989507
hsa_100bp_2snp.fasta.bt2.bam 10 61994723 53984480 86698 0.998397 0.87219 0.931036 0.989971
hsa_100bp_8ins.fasta.star.bam 10 61994723 820648 8299 0.989989 0.0133713 0.0263862 0.186918
hsa_100bp_8del.fasta.bwaaln.bam 10 61994723 658 222 0.747727 1.41948e-05 2.83891e-05 0.000241238
hsa_100bp_2ins.fasta.star.bam 10 61994723 52148511 653578 0.987622 0.851719 0.91465 0.978438
hsa_100bp_8snp.fasta.soap.bam 10 61994723 391124 9847 0.975442 0.00646782 0.0128504 0.0994068
hsa_100bp_8del.fasta.bt2.bam 10 61994723 9513 23 0.997588 0.00015382 0.000307593 0.0026085
hsa_100bp_4del.fasta.star.bam 10 61994723 21914374 602985 0.973221 0.363214 0.529001 0.885719
hsa_100bp_4snp.fasta.soap.bam 10 61994723 15594205 122137 0.992229 0.253511 0.403842 0.847039
hsa_100bp_4ins.fasta.bt2.bam 10 61994723 13104325 6085 0.999536 0.211476 0.349093 0.819826
hsa_100bp_4del.fasta.bt2.bam 10 61994723 15077641 14363 0.999048 0.24344 0.391486 0.844803
hsa_100bp_8ins.fasta.bwaaln.bam 10 61994723 6 0 1 9.67824e-08 1.93565e-07 1.6453e-06
hsa_100bp_2snp.fasta.bwamem.bam 10 61994723 54506816 18404 0.999662 0.879514 0.935747 0.991693
hsa_100bp_2snp.fasta.sr.bam 10 61994723 52845332 2144969 0.960994 0.887016 0.922524 0.956302
hsa_100bp_2snp.fasta.bwaaln.bam 10 61994723 55487790 17369 0.999687 0.895321 0.94463 0.992879
hsa_100bp_8ins.fasta.bt2.bam 10 61994723 208 0 1 3.35512e-06 6.71022e-06 5.7034e-05
hsa_100bp_4ins.fasta.star.bam 10 61994723 31486280 319135 0.989966 0.513034 0.67583 0.938637
hsa_200bp_16del.fasta.soap.bam 10 61994335 0 0 0
hsa_200bp_16del.fasta.sr.bam 10 61994335 56484 12864 0.814501 0.00111862 0.00223417 0.0186077
hsa_200bp_16del.fasta.star.bam 10 61994335 12314 67 0.994588 0.000199712 0.000399344 0.00338423
hsa_100bp_2snp.fasta.soap.bam 10 61994723 55595233 126612 0.997728 0.898816 0.945693 0.991311
hsa_100bp_4del.fasta.sr.bam 10 61994723 42188525 1855254 0.957877 0.710444 0.815812 0.938647
hsa_100bp_8del.fasta.sr.bam 10 61994723 23171165 1276064 0.947803 0.394344 0.556959 0.875521
hsa_200bp_16ins.fasta.soap.bam 10 61994335 0 0 0
hsa_200bp_16ins.fasta.sr.bam 10 61994335 11111 9740 0.532876 0.000336337 0.00067225 0.00566056
hsa_200bp_16ins.fasta.star.bam 10 61994335 21051 36 0.998293 0.000340144 0.000680056 0.0057511
hsa_100bp_8snp.fasta.sr.bam 10 61994723 10915385 1326181 0.891666 0.197461 0.323322 0.738866
hsa_100bp_8snp.fasta.bt2.bam 10 61994723 18492773 19948 0.998922 0.298618 0.459787 0.877826
hsa_100bp_8snp.fasta.bwaaln.bam 10 61994723 18543408 126237 0.993238 0.301149 0.462169 0.874956
hsa_200bp_16snp.fasta.soap.bam 10 61994335 53 0 1 8.54917e-07 1.70983e-06 1.45334e-05
hsa_100bp_8ins.fasta.sr.bam 10 61994723 21706172 971465 0.957162 0.365799 0.529311 0.874044
hsa_100bp_4ins.fasta.sr.bam 10 61994723 41648880 1633640 0.962256 0.698165 0.809209 0.941311
hsa_100bp_2snp.fasta.star.bam 10 61994723 55470599 336964 0.993962 0.900199 0.94476 0.987909
hsa_100bp_4snp.fasta.sr.bam 10 61994723 40260083 1986593 0.952976 0.681456 0.794663 0.931152
hsa_200bp_16del.fasta.bwaaln.bam 10 61994335 1 0 1 1.61305e-08 3.2261e-08 2.74218e-07
hsa_200bp_1del.fasta.soap.bam 10 61994335 2470102 71512 0.971864 0.0409975 0.0786761 0.416106
hsa_100bp_4snp.fasta.bwaaln.bam 10 61994723 53289774 61074 0.998855 0.860571 0.924571 0.989502
hsa_200bp_16del.fasta.bt2.bam 10 61994335 7 0 1 1.12914e-07 2.25828e-07 1.91953e-06
hsa_100bp_4snp.fasta.bt2.bam 10 61994723 51767013 92625 0.998214 0.836517 0.91024 0.986991
hsa_100bp_4ins.fasta.bwamem.bam 10 61994723 54129706 35946 0.999336 0.873714 0.932312 0.990955
hsa_200bp_16ins.fasta.bwaaln.bam 10 61994335 0 0 0
hsa_100bp_8del.fasta.bwamem.bam 10 61994723 49742716 233027 0.995337 0.806129 0.890797 0.981782
hsa_100bp_4del.fasta.bwamem.bam 10 61994723 53858967 46869 0.999131 0.869523 0.929832 0.990447
hsa_200bp_1ins.fasta.soap.bam 10 61994335 1567930 51526 0.968183 0.0261226 0.0508726 0.31018
hsa_200bp_16snp.fasta.bwaaln.bam 10 61994335 2472075 11785 0.995255 0.0400659 0.0770308 0.414279
hsa_100bp_4snp.fasta.bwamem.bam 10 61994723 54220691 33920 0.999375 0.875149 0.933146 0.991099
hsa_100bp_4snp.fasta.star.bam 10 61994723 55000384 610030 0.98903 0.897019 0.94078 0.983098
hsa_200bp_16ins.fasta.bt2.bam 10 61994335 0 0 0
hsa_200bp_16snp.fasta.sr.bam 10 61994335 4984770 3755193 0.570342 0.14098 0.226077 0.483689
hsa_100bp.fasta.bwaaln.bam 10 61994723 55567822 0 1 0.896331 0.945332 0.993242
hsa_100bp_8snp.fasta.bwamem.bam 10 61994723 52718293 136118 0.997425 0.852563 0.919322 0.987554
hsa_100bp_8ins.fasta.bwamem.bam 10 61994723 51751717 181825 0.996499 0.837709 0.910231 0.98551
hsa_100bp.fasta.bt2.bam 10 61994723 54599829 0 1 0.880717 0.936576 0.992096
hsa_200bp_2del.fasta.soap.bam 10 61994335 110849 4043 0.96481 0.00185327 0.00369943 0.0305662
hsa_100bp.fasta.bwamem.bam 10 61994723 55064384 3 1 0.888211 0.940796 0.992651
hsa_100bp_8snp.fasta.star.bam 10 61994723 52838680 1214865 0.977525 0.871906 0.9217 0.970609
hsa_200bp_16snp.fasta.bt2.bam 10 61994335 13930315 3802 0.999727 0.224764 0.367014 0.831154
hsa_100bp.fasta.soap.bam 10 61994723 55711893 19 1 0.898656 0.946623 0.99341
hsa_100bp.fasta.star.bam 10 61994723 55681076 0 1 0.898158 0.946347 0.993374
hsa_200bp_2ins.fasta.soap.bam 10 61994335 26346 1017 0.962833 0.000441379 0.000882354 0.00744881
hsa_100bp.fasta.sr.bam 10 61994723 53924106 2198304 0.96083 0.905277 0.932227 0.957374
hsa_200bp_16snp.fasta.star.bam 10 61994335 52186875 400062 0.992392 0.848254 0.914679 0.982571
hsa_200bp_16del.fasta.bwamem.bam 10 61994335 55053229 55889 0.998986 0.888938 0.940755 0.991764
hsa_200bp_16snp.fasta.bwamem.bam 10 61994335 55612411 37829 0.99932 0.897667 0.94577 0.992707
hsa_200bp_1del.fasta.bt2.bam 10 61994335 55689500 69453 0.998754 0.89942 0.946488 0.992307
hsa_200bp_2del.fasta.bwaaln.bam 10 61994335 13160856 592559 0.956916 0.22185 0.360193 0.800832
hsa_200bp_2ins.fasta.bwaaln.bam 10 61994335 11452692 515326 0.956941 0.19305 0.321285 0.776258
hsa_200bp_1del.fasta.bwaaln.bam 10 61994335 56591140 114736 0.997977 0.914694 0.954522 0.99266
hsa_200bp_1del.fasta.bwamem.bam 10 61994335 56020122 2378 0.999958 0.903671 0.949379 0.99373
hsa_200bp_2ins.fasta.sr.bam 10 61994335 20268945 608569 0.970851 0.336765 0.500068 0.874044
hsa_200bp_16ins.fasta.bwamem.bam 10 61994335 55448568 36590 0.999341 0.895004 0.944299 0.992535
hsa_200bp_32del.fasta.soap.bam 10 61994335 0 0 0
hsa_200bp_32del.fasta.sr.bam 10 61994335 375523 47031 0.888698 0.00681601 0.0135283 0.103207
hsa_200bp_32del.fasta.star.bam 10 61994335 1 0 1 1.61305e-08 3.2261e-08 2.74218e-07
hsa_200bp_1ins.fasta.bt2.bam 10 61994335 55727800 64115 0.998851 0.899952 0.946826 0.992436
hsa_200bp_1del.fasta.sr.bam 10 61994335 56095720 1821783 0.968545 0.934239 0.951083 0.966457
hsa_200bp_1ins.fasta.bwaaln.bam 10 61994335 56574636 75605 0.998665 0.913797 0.954348 0.993239
hsa_200bp_1del.fasta.star.bam 10 61994335 56638299 183017 0.996779 0.916557 0.954986 0.991673
hsa_200bp_32ins.fasta.soap.bam 10 61994335 0 0 0
hsa_200bp_32ins.fasta.star.bam 10 61994335 0 0 0
hsa_200bp_1snp.fasta.bt2.bam 10 61994335 55896653 3 1 0.901641 0.948277 0.993624
hsa_200bp_32ins.fasta.sr.bam 10 61994335 779949 70789 0.916791 0.0137228 0.0270408 0.188212
hsa_200bp_1ins.fasta.bwamem.bam 10 61994335 56028710 1624 0.999971 0.903798 0.949455 0.993751
hsa_200bp_32snp.fasta.soap.bam 10 61994335 0 0 0
hsa_200bp_1ins.fasta.star.bam 10 61994335 56642587 175431 0.996912 0.916503 0.955018 0.991793
hsa_200bp_32del.fasta.bt2.bam 10 61994335 1 0 1 1.61305e-08 3.2261e-08 2.74218e-07
hsa_200bp_32snp.fasta.star.bam 10 61994335 1421654 20404 0.985851 0.0232611 0.0454498 0.287066
hsa_200bp_1snp.fasta.bwamem.bam 10 61994335 56030264 2177 0.999961 0.903832 0.94947 0.993744
hsa_200bp_1ins.fasta.sr.bam 10 61994335 56188839 1727216 0.970177 0.934215 0.951856 0.967985
hsa_200bp_4del.fasta.soap.bam 10 61994335 356 10 0.972678 5.90377e-06 1.18075e-05 0.000100354
hsa_200bp_32del.fasta.bwaaln.bam 10 61994335 1 0 1 1.61305e-08 3.2261e-08 2.74218e-07
hsa_200bp_1snp.fasta.bwaaln.bam 10 61994335 56643065 2075 0.999963 0.913715 0.954895 0.994441
hsa_200bp_4del.fasta.sr.bam 10 61994335 1465065 56760 0.962703 0.0245478 0.0478748 0.296391
hsa_200bp_1snp.fasta.soap.bam 10 61994335 56728705 22794 0.999598 0.91543 0.955664 0.994221
hsa_200bp_32ins.fasta.bt2.bam 10 61994335 0 0 0
hsa_200bp_4ins.fasta.soap.bam 10 61994335 11 1 0.916667 1.93566e-07 3.87132e-07 3.29061e-06
hsa_200bp_32ins.fasta.bwaaln.bam 10 61994335 0 0 0
hsa_200bp_32snp.fasta.bwaaln.bam 10 61994335 9 0 1 1.45175e-07 2.9035e-07 2.46797e-06
hsa_200bp_32snp.fasta.bt2.bam 10 61994335 379 0 1 6.11346e-06 1.22268e-05 0.000103919
hsa_200bp_1snp.fasta.sr.bam 10 61994335 56576462 1900907 0.967493 0.94327 0.955228 0.966034
hsa_200bp_1snp.fasta.star.bam 10 61994335 56704395 68974 0.998785 0.915783 0.955485 0.993488
hsa_200bp_2del.fasta.star.bam 10 61994335 52648493 369046 0.993039 0.8552 0.91898 0.983712
hsa_200bp_2del.fasta.sr.bam 10 61994335 54568149 1694927 0.969875 0.907552 0.937679 0.965973
hsa_200bp_4del.fasta.bwaaln.bam 10 61994335 286064 25880 0.917036 0.00503181 0.0100087 0.078637
hsa_200bp_2del.fasta.bwamem.bam 10 61994335 55990476 3367 0.99994 0.903209 0.949116 0.99368
hsa_200bp_2del.fasta.bt2.bam 10 61994335 55268582 65861 0.99881 0.892573 0.942708 0.991866
hsa_200bp_2ins.fasta.bwamem.bam 10 61994335 56006725 2681 0.999952 0.90346 0.94926 0.993709
hsa_200bp_8del.fasta.soap.bam 10 61994335 0 0 0
hsa_200bp_4ins.fasta.bwaaln.bam 10 61994335 121306 8456 0.934835 0.00209313 0.00417691 0.0343525
hsa_200bp_2ins.fasta.bt2.bam 10 61994335 55103731 44221 0.999198 0.889564 0.941199 0.992006
hsa_200bp_32snp.fasta.sr.bam 10 61994335 6403893 5065469 0.558348 0.185007 0.277925 0.499102
hsa_200bp_8del.fasta.sr.bam 10 61994335 1189726 77298 0.938992 0.0204377 0.0400047 0.257698
hsa_200bp_32del.fasta.bwamem.bam 10 61994335 24412495 414558 0.983302 0.400473 0.569147 0.905761
hsa_200bp_8ins.fasta.soap.bam 10 61994335 0 0 0
hsa_200bp_8ins.fasta.sr.bam 10 61994335 1263074 67376 0.949358 0.0214608 0.0419728 0.267927
hsa_200bp_8del.fasta.star.bam 10 61994335 6321153 23753 0.996256 0.102347 0.185624 0.658129
hsa_200bp_4snp.fasta.soap.bam 10 61994335 15382884 40896 0.997349 0.248793 0.398243 0.847376
hsa_200bp_2ins.fasta.star.bam 10 61994335 55288757 287387 0.994829 0.896471 0.943092 0.98845
hsa_200bp_4ins.fasta.sr.bam 10 61994335 18472684 763901 0.960289 0.310296 0.469034 0.854942
hsa_200bp_8snp.fasta.soap.bam 10 61994335 314116 2297 0.992741 0.0051039 0.0101556 0.0801714
hsa_200bp_8del.fasta.bwaaln.bam 10 61994335 94 15 0.862385 1.75823e-06 3.51645e-06 2.98889e-05
hsa_200bp_2snp.fasta.bt2.bam 10 61994335 55734707 48628 0.999128 0.899813 0.946873 0.992683
hsa_200bp_2snp.fasta.bwaaln.bam 10 61994335 56634606 4241 0.999925 0.913613 0.954822 0.994399
hsa_200bp_8ins.fasta.bwaaln.bam 10 61994335 2 0 1 3.2261e-08 6.4522e-08 5.48437e-07
hsa_200bp_2snp.fasta.bwamem.bam 10 61994335 56013045 3456 0.999938 0.903575 0.949317 0.993704
hsa_200bp_2snp.fasta.sr.bam 10 61994335 56515785 1944742 0.966734 0.942998 0.954718 0.965305
hsa_200bp_2snp.fasta.star.bam 10 61994335 56677964 104625 0.998157 0.915932 0.955278 0.992914
hsa_200bp_4del.fasta.star.bam 10 61994335 37284172 244372 0.993488 0.605354 0.752309 0.95738
hsa_200bp_2snp.fasta.soap.bam 10 61994335 56712900 39982 0.999296 0.915453 0.955539 0.993941
hsa_200bp_8ins.fasta.star.bam 10 61994335 19080281 25961 0.998641 0.308193 0.471023 0.882361
hsa_200bp_8del.fasta.bt2.bam 10 61994335 11070526 2576 0.999767 0.178615 0.303082 0.786951
hsa_500bp_1del_sample.fasta.soap.bam 10 6199317 149937 3793 0.975327 0.0247979 0.0483661 0.299661
hsa_500bp_1del_sample.fasta.bwaaln.bam 10 6199317 5758266 1380 0.99976 0.929078 0.963124 0.995306
hsa_500bp_1del_sample.fasta.bt2.bam 10 6199317 5642585 3444 0.99939 0.91075 0.953013 0.993701
hsa_200bp_32ins.fasta.bwamem.bam 10 61994335 43736255 317616 0.99279 0.710611 0.828328 0.970129
hsa_500bp_1del_sample.fasta.bwamem.bam 10 6199317 5715692 13 0.999998 0.921989 0.95941 0.995046
hsa_200bp_32snp.fasta.bwamem.bam 10 61994335 51711566 315470 0.993936 0.839222 0.91005 0.983273
hsa_500bp_1ins_sample.fasta.soap.bam 10 6199317 113026 5288 0.955305 0.019085 0.0374224 0.245857
hsa_500bp_1del_sample.fasta.sr.bam 10 6199317 4662365 66071 0.986027 0.762735 0.860125 0.969334
hsa_500bp_1del_sample.fasta.star.bam 10 6199317 5749060 8130 0.998588 0.928681 0.962367 0.994186
hsa_500bp_1ins_sample.fasta.bt2.bam 10 6199317 5643005 3463 0.999387 0.910821 0.953051 0.993703
hsa_500bp_1ins_sample.fasta.bwaaln.bam 10 6199317 5756768 1936 0.999664 0.928926 0.962998 0.995206
hsa_200bp_4ins.fasta.star.bam 10 61994335 48880199 177275 0.996386 0.791322 0.882093 0.981426
hsa_200bp_4del.fasta.bt2.bam 10 61994335 54990137 43830 0.999204 0.887726 0.940172 0.991877
hsa_200bp_8ins.fasta.bt2.bam 10 61994335 21622641 3474 0.999839 0.34884 0.517223 0.900938
hsa_500bp_1ins_sample.fasta.sr.bam 10 6199317 4662712 65882 0.986067 0.76276 0.860157 0.969373
hsa_500bp_1ins_sample.fasta.bwamem.bam 10 6199317 5715846 35 0.999994 0.922018 0.959424 0.995044
hsa_200bp_4ins.fasta.bt2.bam 10 61994335 54905595 32594 0.999407 0.886181 0.939394 0.991952
hsa_500bp_1ins_sample.fasta.star.bam 10 6199317 5747656 9054 0.998427 0.928604 0.962251 0.99403
hsa_500bp_2del_sample.fasta.soap.bam 10 6199317 4309 132 0.970277 0.000716369 0.00143168 0.0120361
hsa_200bp_4ins.fasta.bwamem.bam 10 61994335 55944752 4061 0.999927 0.902483 0.948709 0.993616
hsa_200bp_4del.fasta.bwamem.bam 10 61994335 55914714 3988 0.999929 0.901997 0.948442 0.993583
hsa_200bp_4snp.fasta.bwaaln.bam 10 61994335 56317470 11540 0.999795 0.908615 0.952027 0.993928
hsa_500bp_1snp_sample.fasta.bwaaln.bam 10 6199317 5759478 56 0.99999 0.929059 0.96322 0.995519
hsa_200bp_4snp.fasta.bt2.bam 10 61994335 55087390 61162 0.998891 0.889574 0.941069 0.991722
hsa_500bp_1snp_sample.fasta.bt2.bam 10 6199317 5652513 1 1 0.911796 0.953863 0.994342
hsa_500bp_2del_sample.fasta.bwaaln.bam 10 6199317 853069 27764 0.96848 0.142085 0.247813 0.7216
hsa_500bp_2ins_sample.fasta.soap.bam 10 6199317 2077 109 0.950137 0.000352619 0.000704976 0.00595914
hsa_200bp_4snp.fasta.bwamem.bam 10 61994335 55972343 5081 0.999909 0.902944 0.948956 0.993632
hsa_500bp_1snp_sample.fasta.soap.bam 10 6199317 5763209 209 0.999964 0.929686 0.963545 0.995537
hsa_500bp_1snp_sample.fasta.sr.bam 10 6199317 5735353 108898 0.981367 0.942725 0.961658 0.979006
hsa_500bp_1snp_sample.fasta.bwamem.bam 10 6199317 5716208 15 0.999997 0.922073 0.959455 0.99505
hsa_500bp_1snp_sample.fasta.star.bam 10 6199317 5756122 868 0.999849 0.928649 0.962935 0.99536
hsa_500bp_2del_sample.fasta.bt2.bam 10 6199317 5651533 3751 0.999337 0.912243 0.953806 0.993756
hsa_500bp_2del_sample.fasta.sr.bam 10 6199317 4661859 60073 0.987278 0.761686 0.859933 0.970372
hsa_500bp_2ins_sample.fasta.sr.bam 10 6199317 2283431 33676 0.985466 0.373768 0.541975 0.898927
hsa_500bp_2del_sample.fasta.bwamem.bam 10 6199317 5713758 20 0.999996 0.921679 0.959242 0.995023
hsa_500bp_4del_sample.fasta.soap.bam 10 6199317 3 1 0.75 6.45232e-07 1.29046e-06 1.09688e-05
hsa_200bp_4snp.fasta.sr.bam 10 61994335 56345825 2031431 0.965202 0.941655 0.953283 0.963784
hsa_500bp_4del_sample.fasta.sr.bam 10 6199317 42284 1232 0.971689 0.00701948 0.0139383 0.106967
hsa_500bp_2ins_sample.fasta.bwaaln.bam 10 6199317 779910 32757 0.959692 0.13109 0.230671 0.699578
hsa_500bp_2del_sample.fasta.star.bam 10 6199317 5588977 13485 0.997593 0.903722 0.94834 0.991535
hsa_500bp_2ins_sample.fasta.bt2.bam 10 6199317 5642067 3575 0.999367 0.910688 0.952969 0.993675
hsa_500bp_4ins_sample.fasta.soap.bam 10 6199317 0 0 0
hsa_500bp_2snp_sample.fasta.bt2.bam 10 6199317 5646199 2485 0.99956 0.911178 0.953325 0.993889
hsa_500bp_4del_sample.fasta.bwaaln.bam 10 6199317 6854 342 0.952474 0.00116077 0.00231871 0.0193557
hsa_500bp_2ins_sample.fasta.star.bam 10 6199317 5686939 13369 0.997655 0.919506 0.956988 0.992692
hsa_500bp_2ins_sample.fasta.bwamem.bam 10 6199317 5714122 60 0.999989 0.921744 0.959274 0.99502
hsa_200bp_4snp.fasta.star.bam 10 61994335 56624031 149296 0.99737 0.915782 0.954836 0.99217
hsa_500bp_2snp_sample.fasta.star.bam 10 6199317 5752753 1457 0.999747 0.928201 0.962646 0.995234
hsa_500bp_4ins_sample.fasta.bwaaln.bam 10 6199317 4091 328 0.925775 0.00071282 0.00142454 0.0119705
hsa_500bp_2snp_sample.fasta.bwamem.bam 10 6199317 5715316 27 0.999995 0.921931 0.959378 0.995039
hsa_500bp_2snp_sample.fasta.bwaaln.bam 10 6199317 5759313 110 0.999981 0.929042 0.963207 0.99551
hsa_500bp_4ins_sample.fasta.sr.bam 10 6199317 407676 21478 0.949953 0.069226 0.129048 0.543333
hsa_500bp_2snp_sample.fasta.soap.bam 10 6199317 5762964 385 0.999933 0.929675 0.963525 0.995508
hsa_500bp_8del_sample.fasta.soap.bam 10 6199317 0 0 0
hsa_500bp_8del_sample.fasta.sr.bam 10 6199317 59006 653 0.989054 0.00962348 0.0190615 0.141561
hsa_500bp_2snp_sample.fasta.sr.bam 10 6199317 5736240 106847 0.981714 0.942537 0.961727 0.97932
hsa_500bp_4del_sample.fasta.star.bam 10 6199317 4907410 10091 0.997948 0.793233 0.883892 0.983025
hsa_500bp_4del_sample.fasta.bt2.bam 10 6199317 5647412 3407 0.999397 0.911523 0.95344 0.993762
hsa_500bp_4del_sample.fasta.bwamem.bam 10 6199317 5709187 34 0.999994 0.920944 0.958842 0.99497
hsa_500bp_8ins_sample.fasta.soap.bam 10 6199317 0 0 0
hsa_500bp_8ins_sample.fasta.sr.bam 10 6199317 60482 861 0.985964 0.00989512 0.0195936 0.144943
hsa_500bp_4ins_sample.fasta.bt2.bam 10 6199317 5639596 3074 0.999455 0.910208 0.952746 0.993723
hsa_500bp_8del_sample.fasta.bwaaln.bam 10 6199317 1 0 1 1.61308e-07 3.22616e-07 2.74223e-06
hsa_500bp_8del_sample.fasta.star.bam 10 6199317 2601329 2703 0.998962 0.420051 0.591418 0.924049
hsa_200bp_8snp.fasta.sr.bam 10 61994335 41245864 2285554 0.947496 0.702184 0.806601 0.928417
hsa_200bp_8del.fasta.bwamem.bam 10 61994335 55779561 10137 0.999818 0.899916 0.94724 0.993331
hsa_500bp_4snp_sample.fasta.soap.bam 10 6199317 4819372 1413 0.999707 0.777632 0.874796 0.983191
hsa_500bp_4ins_sample.fasta.bwamem.bam 10 6199317 5709798 72 0.999987 0.921048 0.958896 0.994971
hsa_500bp_4ins_sample.fasta.star.bam 10 6199317 5437558 9540 0.998249 0.878661 0.934645 0.99032
hsa_500bp_4snp_sample.fasta.bt2.bam 10 6199317 5639746 4276 0.999242 0.910426 0.952769 0.993541
hsa_500bp_8ins_sample.fasta.bwaaln.bam 10 6199317 0 0 0
hsa_500bp_sample_16del.fasta.soap.bam 10 6199317 0 0 0
hsa_500bp_4snp_sample.fasta.bwaaln.bam 10 6199317 5755698 213 0.999963 0.928475 0.962894 0.995454
hsa_500bp_sample_16del.fasta.sr.bam 10 6199317 91786 1722 0.981584 0.0150836 0.0297106 0.205818
hsa_500bp_8snp_sample.fasta.soap.bam 10 6199317 1862435 1045 0.999439 0.300594 0.462181 0.879201
hsa_500bp_sample_16del.fasta.star.bam 10 6199317 113490 99 0.999128 0.0183228 0.0359857 0.240825
hsa_500bp_4snp_sample.fasta.bwamem.bam 10 6199317 5713122 49 0.999991 0.921581 0.959186 0.995011
hsa_500bp_sample_16ins.fasta.soap.bam 10 6199317 0 0 0
hsa_200bp_8snp.fasta.bt2.bam 10 61994335 53897644 35499 0.999342 0.869969 0.930179 0.990676
hsa_500bp_sample_16ins.fasta.sr.bam 10 6199317 92917 1939 0.979558 0.015301 0.0301313 0.208106
hsa_500bp_4snp_sample.fasta.star.bam 10 6199317 5747717 2397 0.999583 0.92754 0.962215 0.995037
hsa_500bp_4snp_sample.fasta.sr.bam 10 6199317 5736378 104118 0.982173 0.942119 0.961729 0.979723
hsa_200bp_8snp.fasta.bwaaln.bam 10 61994335 53651527 32948 0.999386 0.865958 0.9279 0.990409
hsa_500bp_sample_16ins.fasta.star.bam 10 6199317 824961 378 0.999542 0.133134 0.234971 0.722833
hsa_500bp_sample_16snp.fasta.soap.bam 10 6199317 11488 15 0.998696 0.00185553 0.00370418 0.0306334
hsa_500bp_8ins_sample.fasta.star.bam 10 6199317 4296564 2734 0.999364 0.693512 0.818809 0.974094
hsa_500bp_8del_sample.fasta.bt2.bam 10 6199317 5577079 2742 0.999509 0.90007 0.947187 0.993055
hsa_500bp_8del_sample.fasta.bwamem.bam 10 6199317 5702452 47 0.999992 0.919859 0.958253 0.994894
hsa_500bp_sample_16del.fasta.bwaaln.bam 10 6199317 0 0 0
hsa_500bp_sample_32del.fasta.soap.bam 10 6199317 0 0 0
hsa_500bp_8ins_sample.fasta.bt2.bam 10 6199317 5575670 2525 0.999547 0.899808 0.947059 0.993072
hsa_500bp_sample_32del.fasta.sr.bam 10 6199317 181591 5485 0.97068 0.0301769 0.0585341 0.342595
hsa_500bp_sample_32del.fasta.star.bam 10 6199317 1 0 1 1.61308e-07 3.22616e-07 2.74223e-06
hsa_500bp_sample_16ins.fasta.bwaaln.bam 10 6199317 0 0 0
hsa_200bp_8snp.fasta.bwamem.bam 10 61994335 55881939 9349 0.999833 0.901555 0.948154 0.993463
hsa_500bp_sample_32ins.fasta.soap.bam 10 6199317 0 0 0
hsa_500bp_8ins_sample.fasta.bwamem.bam 10 6199317 5703790 98 0.999983 0.920083 0.958371 0.994901
hsa_500bp_sample_32ins.fasta.sr.bam 10 6199317 175558 3752 0.979075 0.0289242 0.0561885 0.333889
hsa_500bp_sample_32ins.fasta.star.bam 10 6199317 21 0 1 3.38747e-06 6.77492e-06 5.75839e-05
hsa_500bp_8snp_sample.fasta.bt2.bam 10 6199317 5613159 3740 0.999334 0.906051 0.950409 0.993318
hsa_500bp_8snp_sample.fasta.bwamem.bam 10 6199317 5708501 64 0.999989 0.920838 0.958783 0.994958
hsa_500bp_sample_32snp.fasta.soap.bam 10 6199317 0 0 0
hsa_500bp_8snp_sample.fasta.bwaaln.bam 10 6199317 5708017 561 0.999902 0.92084 0.958744 0.994877
hsa_200bp_8ins.fasta.bwamem.bam 10 61994335 55862008 8922 0.99984 0.901226 0.947975 0.993446
hsa_500bp_8snp_sample.fasta.sr.bam 10 6199317 5734291 99861 0.982883 0.941096 0.961536 0.980322
hsa_500bp_sample_32snp.fasta.star.bam 10 6199317 435295 1289 0.997048 0.0704245 0.131557 0.56204
hsa_500bp_8snp_sample.fasta.star.bam 10 6199317 5740617 4170 0.999274 0.926681 0.961609 0.99469
hsa_500bp_sample_32del.fasta.bwaaln.bam 10 6199317 0 0 0
hsa_500bp_sample_64del.fasta.soap.bam 10 6199317 0 0 0
hsa_500bp_sample_64del.fasta.star.bam 10 6199317 0 0 0
hsa_500bp_sample_16del.fasta.bt2.bam 10 6199317 5379950 640 0.999881 0.867933 0.929246 0.991019
hsa_500bp_sample_64del.fasta.sr.bam 10 6199317 168976 11005 0.938855 0.0290324 0.0563231 0.330185
hsa_500bp_sample_16del.fasta.bwamem.bam 10 6199317 5691404 136 0.999976 0.918091 0.957286 0.994757
hsa_500bp_sample_64ins.fasta.soap.bam 10 6199317 0 0 0
hsa_200bp.fasta.bt2.bam 10 61994335 55778449 3 1 0.899735 0.947222 0.993487
hsa_500bp_sample_32ins.fasta.bwaaln.bam 10 6199317 0 0 0
hsa_200bp_8snp.fasta.star.bam 10 61994335 56493832 226439 0.996008 0.914927 0.953747 0.990843
hsa_500bp_sample_64ins.fasta.star.bam 10 6199317 0 0 0
hsa_500bp_sample_64ins.fasta.sr.bam 10 6199317 175018 6390 0.964776 0.0292626 0.0568023 0.334926
hsa_500bp_sample_64snp.fasta.soap.bam 10 6199317 0 0 0
hsa_500bp_sample_32del.fasta.bt2.bam 10 6199317 0 0 0
hsa_500bp_sample_64snp.fasta.star.bam 10 6199317 1 0 1 1.61308e-07 3.22616e-07 2.74223e-06
hsa_500bp_sample_32snp.fasta.bwaaln.bam 10 6199317 787 1 0.998731 0.000127111 0.00025419 0.0021565
hsa_500bp_sample_64del.fasta.bt2.bam 10 6199317 0 0 0
hsa_500bp_sample_16snp.fasta.bwaaln.bam 10 6199317 4631180 1212 0.999738 0.747242 0.855243 0.980254
hsa_500bp_sample_32ins.fasta.bt2.bam 10 6199317 0 0 0
hsa_500bp_sample_16ins.fasta.bt2.bam 10 6199317 5372111 755 0.999859 0.866687 0.928522 0.990903
hsa_500bp_sample_32snp.fasta.sr.bam 10 6199317 152415 58732 0.721843 0.0340597 0.0650501 0.329932
hsa_500bp_sample_16snp.fasta.bt2.bam 10 6199317 5564257 2722 0.999511 0.897999 0.94604 0.992909
hsa_500bp_sample_64del.fasta.bwaaln.bam 10 6199317 0 0 0
hsa_500bp_sample_16ins.fasta.bwamem.bam 10 6199317 5694598 97 0.999983 0.9186 0.957565 0.994799
hsa_500bp_sample_16snp.fasta.star.bam 10 6199317 5549773 10998 0.998022 0.896997 0.944817 0.991454
hsa_500bp_sample_16snp.fasta.bwamem.bam 10 6199317 5702983 172 0.99997 0.919965 0.958301 0.994881
hsa_500bp_sample_16snp.fasta.sr.bam 10 6199317 5689931 91711 0.984138 0.932626 0.95769 0.980951
hsa_500bp_sample_64ins.fasta.bt2.bam 10 6199317 0 0 0
hsa_500bp_sample_64snp.fasta.sr.bam 10 6199317 52583 95439 0.355238 0.0238771 0.0447466 0.195579
hsa_500bp_sample_64ins.fasta.bwaaln.bam 10 6199317 0 0 0
hsa_200bp.fasta.soap.bam 10 61994335 56745476 10 1 0.915333 0.955795 0.994588
hsa_500bp_sample_64snp.fasta.bwaaln.bam 10 6199317 0 0 0
hsa_500bp_sample_32snp.fasta.bt2.bam 10 6199317 4361575 338 0.999923 0.703612 0.825997 0.975751
hsa_500bp_sample_32del.fasta.bwamem.bam 10 6199317 5670810 840 0.999852 0.914883 0.955482 0.994419
hsa_500bp_sample_64snp.fasta.bt2.bam 10 6199317 0 0 0
hsa_200bp.fasta.bwaaln.bam 10 61994335 56651185 0 1 0.913812 0.954965 0.994483
hsa_500bp_sample_32snp.fasta.bwamem.bam 10 6199317 5693326 702 0.999877 0.918493 0.957459 0.994693
hsa_200bp.fasta.bwamem.bam 10 61994335 56045723 17 1 0.904046 0.949605 0.993795
hsa_500bp_sample_32ins.fasta.bwamem.bam 10 6199317 5678349 542 0.999905 0.916051 0.956143 0.99455
hsa_500bp_sample_64del.fasta.bwamem.bam 10 6199317 5553821 9712 0.998254 0.897443 0.945168 0.991701
hsa_500bp_sample_64snp.fasta.bwamem.bam 10 6199317 5664577 3265 0.999424 0.914269 0.954952 0.993978
hsa_200bp.fasta.sr.bam 10 61994335 56574459 1884832 0.967758 0.942978 0.955207 0.966264
hsa_500bp_sample.fasta.bt2.bam 10 6199317 5648055 0 1 0.911077 0.95347 0.994291
hsa_500bp_sample.fasta.bwamem.bam 10 6199317 5716802 2 1 0.922167 0.959508 0.99506
hsa_50bp_1ins.fasta.soap.bam 10 61994917 5759129 1007994 0.851045 0.109156 0.193494 0.607976
hsa_500bp_sample.fasta.bwaaln.bam 10 6199317 5759669 0 1 0.929081 0.963237 0.99553
hsa_50bp_2del.fasta.soap.bam 10 61994917 1621844 565386 0.741506 0.0352808 0.0673568 0.340533
hsa_500bp_sample.fasta.soap.bam 10 6199317 5763466 3 0.999999 0.929694 0.963566 0.99557
hsa_500bp_sample.fasta.sr.bam 10 6199317 5733931 111413 0.98094 0.942901 0.961544 0.978618
hsa_500bp_sample.fasta.star.bam 10 6199317 5760212 0 1 0.929169 0.963284 0.995536
hsa_500bp_sample_64ins.fasta.bwamem.bam 10 6199317 5624122 4015 0.999287 0.907864 0.951384 0.993402
hsa_50bp_2ins.fasta.soap.bam 10 61994917 375613 145362 0.720981 0.00840351 0.0166134 0.120405
hsa_50bp_1del.fasta.soap.bam 10 61994917 9032462 1387217 0.866866 0.168073 0.281556 0.696519
hsa_200bp.fasta.star.bam 10 61994335 56730524 0 1 0.915092 0.955664 0.994572
hsa_50bp_2ins.fasta.bt2.bam 10 61994917 7365554 104912 0.985956 0.120501 0.214755 0.693125
hsa_50bp_2del.fasta.bt2.bam 10 61994917 13443545 430759 0.968953 0.223797 0.363611 0.810257
hsa_50bp_2ins.fasta.bwaaln.bam 10 61994917 12704811 1265901 0.909389 0.225353 0.361198 0.771615
hsa_50bp_2del.fasta.bwaaln.bam 10 61994917 18180022 1981380 0.901724 0.325211 0.478021 0.816573
hsa_50bp_4del.fasta.bwaaln.bam 10 61994917 1223036 560049 0.68591 0.0287618 0.0552086 0.292624
hsa_50bp_4del.fasta.bt2.bam 10 61994917 623403 48987 0.927145 0.0108459 0.021441 0.155311
hsa_50bp_4del.fasta.soap.bam 10 61994917 83142 82069 0.503247 0.00266491 0.00530174 0.0417649
hsa_50bp_2del.fasta.star.bam 10 61994917 33950949 2839105 0.92283 0.593437 0.722355 0.893652
hsa_50bp_2ins.fasta.star.bam 10 61994917 35549059 2045182 0.945599 0.606408 0.738938 0.915477
hsa_50bp_1snp.fasta.bwamem.bam 10 61994917 50460355 98959 0.998043 0.81554 0.897609 0.985076
hsa_50bp_1del.fasta.bwaaln.bam 10 61994917 50701177 1839697 0.964985 0.847503 0.902437 0.95718
hsa_50bp_1del.fasta.sr.bam 10 61994917 49771511 6507203 0.884375 0.907796 0.895932 0.885719
hsa_50bp_4ins.fasta.soap.bam 10 61994917 1819 2713 0.401368 7.31028e-05 0.000146179 0.00123914
hsa_50bp_1ins.fasta.bt2.bam 10 61994917 49522862 366834 0.992647 0.804738 0.88887 0.979197
hsa_50bp_1snp.fasta.soap.bam 10 61994917 52438500 300358 0.994305 0.850696 0.916911 0.984528
hsa_50bp_1snp.fasta.bwaaln.bam 10 61994917 52059166 52708 0.998989 0.840583 0.912966 0.988036
hsa_50bp_1ins.fasta.bwaaln.bam 10 61994917 51394493 1492405 0.971781 0.853084 0.908572 0.963892
hsa_50bp_1snp.fasta.bt2.bam 10 61994917 51884548 300347 0.994245 0.841761 0.911671 0.983762
hsa_50bp_1del.fasta.star.bam 10 61994917 50881170 1904452 0.963921 0.851451 0.904202 0.956489
hsa_50bp_1del.fasta.bt2.bam 10 61994917 49778347 582763 0.988428 0.812343 0.891776 0.975984
hsa_50bp_2del.fasta.bwamem.bam 10 61994917 47409997 518031 0.989191 0.773096 0.867895 0.97319
hsa_50bp_4ins.fasta.bwaaln.bam 10 61994917 86342 58500 0.596112 0.00233635 0.00465446 0.0373742
hsa_50bp_4del.fasta.bwamem.bam 10 61994917 14178742 439245 0.969952 0.235793 0.379364 0.819804
hsa_50bp_2del.fasta.sr.bam 10 61994917 42718312 7937303 0.843309 0.817093 0.829994 0.84172
hsa_50bp_8del.fasta.soap.bam 10 61994917 2029 15915 0.113074 0.000289443 0.000577408 0.00472693
hsa_50bp_4ins.fasta.bt2.bam 10 61994917 54354 2222 0.960725 0.000912591 0.00182345 0.0152818
hsa_50bp_4del.fasta.star.bam 10 61994917 9134805 1994370 0.820798 0.179518 0.294603 0.678272
hsa_50bp_1snp.fasta.sr.bam 10 61994917 50102646 6248185 0.88912 0.908959 0.89893 0.890263
hsa_50bp_1del.fasta.bwamem.bam 10 61994917 50011109 310980 0.99382 0.811713 0.893583 0.980875
hsa_50bp_1ins.fasta.sr.bam 10 61994917 49823296 5571863 0.899416 0.893544 0.89647 0.899068
hsa_50bp_8del.fasta.star.bam 10 61994917 521698 572079 0.476969 0.017643 0.0340273 0.188418
hsa_50bp_8ins.fasta.soap.bam 10 61994917 0 2 0 3.22607e-08 0 0
hsa_50bp_8ins.fasta.star.bam 10 61994917 73008 37785 0.658959 0.00178713 0.00356459 0.0291177
hsa_50bp_2snp.fasta.bt2.bam 10 61994917 43848464 423699 0.99043 0.714126 0.829884 0.96839
hsa_50bp_4ins.fasta.star.bam 10 61994917 7216827 809329 0.899164 0.129465 0.226341 0.666186
hsa_50bp_1snp.fasta.star.bam 10 61994917 52081445 822808 0.984447 0.853364 0.914231 0.975631
hsa_50bp_8snp.fasta.soap.bam 10 61994917 553743 108809 0.835773 0.0106872 0.0211045 0.150824
hsa_50bp_1ins.fasta.star.bam 10 61994917 50361318 1704087 0.96727 0.839833 0.899058 0.958713
hsa_50bp_1ins.fasta.bwamem.bam 10 61994917 50218567 115893 0.997698 0.811913 0.895269 0.984447
hsa_50bp_2ins.fasta.sr.bam 10 61994917 44145262 6015475 0.880076 0.80911 0.843102 0.875559
hsa_50bp_8del.fasta.bt2.bam 10 61994917 3042 5807 0.343768 0.000142738 0.000285358 0.00241053
hsa_50bp_8del.fasta.bwaaln.bam 10 61994917 19557 80339 0.195774 0.00161136 0.00319641 0.0242055
hsa_50bp_2ins.fasta.bwamem.bam 10 61994917 48354410 294467 0.993947 0.784724 0.87703 0.978599
hsa_50bp_8del.fasta.bwamem.bam 10 61994917 216455 51112 0.808975 0.00431595 0.00858609 0.0676007
hsa_50bp_8ins.fasta.bt2.bam 10 61994917 5 0 1 8.06518e-08 1.61304e-07 1.37108e-06
hsa_50bp_8ins.fasta.bwaaln.bam 10 61994917 20 115 0.148148 2.1776e-06 4.35514e-06 3.70105e-05
hsa_50bp_8snp.fasta.bt2.bam 10 61994917 417288 19936 0.954403 0.00705258 0.0140017 0.107217
hsa_50bp_8ins.fasta.bwamem.bam 10 61994917 1422873 86021 0.942991 0.024339 0.0474532 0.292833
hsa_50bp_2snp.fasta.bwaaln.bam 10 61994917 51787021 121027 0.997668 0.837295 0.910473 0.986553
hsa_50bp_8del.fasta.sr.bam 10 61994917 2458335 3313614 0.425911 0.0931036 0.152804 0.351914
hsa_50bp_8snp.fasta.bwaaln.bam 10 61994917 2361075 286028 0.891947 0.0426987 0.0814961 0.411043
hsa_50bp_8ins.fasta.sr.bam 10 61994917 2834341 1157886 0.709965 0.064396 0.118082 0.446602
hsa_50bp_2snp.fasta.bwamem.bam 10 61994917 48806347 217603 0.995561 0.790774 0.881429 0.980623
hsa_50bp_4del.fasta.sr.bam 10 61994917 21495384 7525556 0.740685 0.468118 0.573672 0.716156
hsa_50bp_4snp.fasta.soap.bam 10 61994917 15545436 597845 0.962966 0.260397 0.409941 0.831067
hsa_50bp_4snp.fasta.bt2.bam 10 61994917 12123306 230494 0.981342 0.199271 0.331274 0.79728
hsa_50bp_2snp.fasta.soap.bam 10 61994917 52065957 487646 0.990721 0.847708 0.913652 0.980986
hsa_50bp_8snp.fasta.bwamem.bam 10 61994917 9990751 490669 0.953187 0.169069 0.287197 0.748881
hsa_50bp_8snp.fasta.sr.bam 10 61994917 7874187 7140878 0.524419 0.242198 0.33136 0.490779
hsa_50bp_4ins.fasta.bwamem.bam 10 61994917 21512185 356724 0.983688 0.352753 0.519288 0.890045
hsa_50bp_4ins.fasta.sr.bam 10 61994917 22026538 4763082 0.822204 0.432126 0.566511 0.780747
hsa_50bp_4snp.fasta.sr.bam 10 61994917 28632808 9169305 0.757439 0.609761 0.675624 0.7468
hsa_50bp_4snp.fasta.bwaaln.bam 10 61994917 32053528 497596 0.984713 0.525061 0.684916 0.936488
hsa_50bp_2snp.fasta.star.bam 10 61994917 50919058 1615820 0.969243 0.847406 0.904239 0.961114
hsa_50bp_8snp.fasta.star.bam 10 61994917 22285514 3448989 0.865978 0.415107 0.561202 0.813972
hsa_50bp_2snp.fasta.sr.bam 10 61994917 45021051 7816757 0.852061 0.852293 0.852177 0.852075
hsa_50bp_4snp.fasta.bwamem.bam 10 61994917 39640737 484174 0.987933 0.647229 0.782086 0.958261
hsa_50bp_4snp.fasta.star.bam 10 61994917 43493967 2894392 0.937605 0.748261 0.8323 0.923853
hsa_50bp.fasta.soap.bam 10 61994917 52837917 21 1 0.852295 0.920258 0.989909
hsa_50bp.fasta.bwaaln.bam 10 61994917 52371131 0 1 0.844765 0.915851 0.989306
hsa_50bp.fasta.bwamem.bam 10 61994917 51276476 6 1 0.827108 0.905374 0.987853
hsa_50bp.fasta.sr.bam 10 61994917 51382591 4491961 0.919606 0.901276 0.910349 0.918507
hsa_50bp.fasta.bt2.bam 10 61994917 52837947 6 1 0.852295 0.920258 0.989909
hsa_50bp.fasta.star.bam 10 61994917 52745213 0 1 0.850799 0.919386 0.98979
