ath_100bp_16del.fasta.soap.bam 10 11966709 0 0 0
ath_100bp_16del.fasta.star.bam 10 11966709 805 16 0.980512 6.8607e-05 0.000137204 0.00116501
ath_100bp_16ins.fasta.soap.bam 10 11966709 0 0 0
ath_100bp_16ins.fasta.star.bam 10 11966709 4 0 1 3.34261e-07 6.68522e-07 5.68241e-06
ath_100bp_16del.fasta.bwaaln.bam 10 11966709 0 0 0
ath_100bp_16del.fasta.bt2.bam 10 11966709 0 0 0
ath_100bp_16snp.fasta.soap.bam 10 11966709 30 0 1 2.50695e-06 5.01389e-06 4.26164e-05
ath_100bp_16del.fasta.sr.bam 10 11966709 343786 39273 0.897475 0.0320104 0.061816 0.346461
ath_100bp_16snp.fasta.bwaaln.bam 10 11966709 15248 84 0.994521 0.00128122 0.00255914 0.0213409
ath_100bp_16snp.fasta.bt2.bam 10 11966709 15941 5 0.999686 0.00133253 0.00266151 0.02218
ath_100bp_16ins.fasta.bwaaln.bam 10 11966709 0 0 0
ath_100bp_16del.fasta.bwamem.bam 10 11966709 1426941 6645 0.995365 0.119798 0.213857 0.696097
ath_100bp_16ins.fasta.bt2.bam 10 11966709 0 0 0
ath_100bp_16ins.fasta.sr.bam 10 11966709 222978 20169 0.91705 0.0203186 0.0397563 0.255013
ath_100bp_1del.fasta.soap.bam 10 11966709 993963 5234 0.994762 0.0834981 0.154064 0.605832
ath_100bp_16snp.fasta.sr.bam 10 11966709 575126 68962 0.892931 0.0538233 0.101527 0.465781
ath_100bp_16ins.fasta.bwamem.bam 10 11966709 4285273 7933 0.998152 0.358762 0.527814 0.903439
ath_100bp_16snp.fasta.star.bam 10 11966709 8517296 38980 0.995444 0.715007 0.832236 0.972996
ath_100bp_16snp.fasta.bwamem.bam 10 11966709 8511508 41407 0.995159 0.714726 0.831946 0.972709
ath_100bp_1ins.fasta.soap.bam 10 11966709 631454 2662 0.995802 0.05299 0.100625 0.486563
ath_100bp_1del.fasta.bt2.bam 10 11966709 11185680 1383 0.999876 0.934849 0.96627 0.995801
ath_100bp_1ins.fasta.bt2.bam 10 11966709 11188751 1092 0.999902 0.935081 0.966406 0.995841
ath_100bp_1del.fasta.bwaaln.bam 10 11966709 11487073 10198 0.999113 0.960771 0.979567 0.996773
ath_100bp_1del.fasta.sr.bam 10 11966709 11131599 358613 0.96879 0.960181 0.964466 0.968279
ath_100bp_1del.fasta.bwamem.bam 10 11966709 11272608 347 0.999969 0.942026 0.970133 0.996364
ath_100bp_1del.fasta.star.bam 10 11966709 11485158 3370 0.999707 0.960041 0.979473 0.997283
ath_100bp_1ins.fasta.bwaaln.bam 10 11966709 11475149 5542 0.999517 0.959386 0.97904 0.997064
ath_100bp_1ins.fasta.bwamem.bam 10 11966709 11276105 140 0.999988 0.942301 0.970288 0.9964
ath_100bp_1ins.fasta.sr.bam 10 11966709 11142753 352046 0.969373 0.960565 0.964949 0.96885
ath_100bp_2del.fasta.bwaaln.bam 10 11966709 3382524 29952 0.991223 0.285164 0.442908 0.865209
ath_100bp_2del.fasta.soap.bam 10 11966709 87543 643 0.992709 0.00736928 0.01463 0.111978
ath_100bp_1ins.fasta.star.bam 10 11966709 11477628 4047 0.999648 0.959468 0.979146 0.997192
ath_100bp_1snp.fasta.bt2.bam 10 11966709 11328435 8 0.999999 0.946663 0.9726 0.996696
ath_100bp_1snp.fasta.soap.bam 10 11966709 11499068 1373 0.999881 0.961036 0.980074 0.997509
ath_100bp_1snp.fasta.bwaaln.bam 10 11966709 11499243 1300 0.999887 0.961045 0.980081 0.997515
ath_100bp_1snp.fasta.bwamem.bam 10 11966709 11304218 344 0.99997 0.944668 0.971533 0.996538
ath_100bp_2ins.fasta.soap.bam 10 11966709 20297 122 0.994025 0.00170632 0.00340679 0.028232
ath_100bp_1snp.fasta.sr.bam 10 11966709 11615907 330800 0.97231 0.998329 0.985148 0.973803
ath_100bp_1snp.fasta.star.bam 10 11966709 11492319 1390 0.999879 0.960474 0.97978 0.997472
ath_100bp_2del.fasta.bt2.bam 10 11966709 11264607 2069 0.999816 0.941502 0.969783 0.996187
ath_100bp_2ins.fasta.bwaaln.bam 10 11966709 2709202 16395 0.993985 0.227765 0.370608 0.829782
ath_100bp_2del.fasta.sr.bam 10 11966709 9783805 380421 0.962573 0.849375 0.902438 0.955086
ath_100bp_2del.fasta.star.bam 10 11966709 10260931 15943 0.998449 0.858789 0.923368 0.988988
ath_100bp_2del.fasta.bwamem.bam 10 11966709 11249114 621 0.999945 0.940086 0.969092 0.996214
ath_100bp_2ins.fasta.bt2.bam 10 11966709 11139183 1083 0.999903 0.930938 0.964189 0.995565
ath_100bp_2ins.fasta.bwamem.bam 10 11966709 11261588 237 0.999979 0.941096 0.969644 0.996312
ath_100bp_2ins.fasta.sr.bam 10 11966709 10103297 380125 0.96374 0.876049 0.917805 0.958099
ath_100bp_2snp.fasta.bt2.bam 10 11966709 11243940 1521 0.999865 0.939729 0.968865 0.996115
ath_100bp_4del.fasta.soap.bam 10 11966709 1023 10 0.990319 8.63228e-05 0.000172631 0.00146544
ath_100bp_2ins.fasta.star.bam 10 11966709 11240030 14714 0.998693 0.940505 0.968726 0.995072
ath_100bp_2snp.fasta.bwaaln.bam 10 11966709 11495248 2563 0.999777 0.960816 0.979909 0.997398
ath_100bp_4del.fasta.bwaaln.bam 10 11966709 129754 1866 0.985823 0.0109988 0.0217549 0.158657
ath_100bp_2snp.fasta.bwamem.bam 10 11966709 11273756 320 0.999972 0.94212 0.970184 0.996373
ath_100bp_4del.fasta.bt2.bam 10 11966709 3128702 211 0.999933 0.261468 0.41454 0.857476
ath_100bp_4ins.fasta.soap.bam 10 11966709 23 0 1 1.922e-06 3.84399e-06 3.2673e-05
ath_100bp_4ins.fasta.bwaaln.bam 10 11966709 28779 275 0.990535 0.0024279 0.00484393 0.0397167
ath_100bp_4del.fasta.star.bam 10 11966709 5652492 22364 0.996059 0.47422 0.642533 0.935504
ath_100bp_2snp.fasta.soap.bam 10 11966709 11495233 2654 0.999769 0.960823 0.979909 0.997391
ath_100bp_2snp.fasta.sr.bam 10 11966709 11605709 338770 0.971638 0.998142 0.984712 0.973158
ath_100bp_2snp.fasta.star.bam 10 11966709 11487295 2809 0.999756 0.960172 0.979564 0.997337
ath_100bp_4ins.fasta.bt2.bam 10 11966709 2723457 73 0.999973 0.227592 0.370792 0.833568
ath_100bp_4del.fasta.sr.bam 10 11966709 7682339 426300 0.947426 0.6776 0.790111 0.925741
ath_100bp_4snp.fasta.soap.bam 10 11966709 3224917 3219 0.999003 0.26976 0.424809 0.861939
ath_100bp_4del.fasta.bwamem.bam 10 11966709 11194577 1099 0.999902 0.935569 0.966666 0.995874
ath_100bp_4ins.fasta.star.bam 10 11966709 8775594 24502 0.997216 0.735381 0.846514 0.976758
ath_100bp_8del.fasta.bwaaln.bam 10 11966709 98 6 0.942308 8.69078e-06 1.73814e-05 0.000147721
ath_100bp_4ins.fasta.sr.bam 10 11966709 8373762 429242 0.951239 0.735624 0.829652 0.935116
ath_100bp_8del.fasta.soap.bam 10 11966709 3 0 1 2.50695e-07 5.0139e-07 4.2618e-06
ath_100bp_8del.fasta.bt2.bam 10 11966709 1647 2 0.998787 0.000137799 0.00027556 0.00233742
ath_100bp_4ins.fasta.bwamem.bam 10 11966709 11223803 458 0.999959 0.937957 0.967966 0.996086
ath_100bp_8del.fasta.star.bam 10 11966709 323132 2374 0.992707 0.027201 0.0529511 0.321477
ath_100bp_4snp.fasta.bt2.bam 10 11966709 10954677 2174 0.999802 0.915611 0.955856 0.994423
ath_100bp_4snp.fasta.bwamem.bam 10 11966709 11248320 412 0.999963 0.940002 0.969056 0.996225
ath_100bp_4snp.fasta.bwaaln.bam 10 11966709 11043070 6159 0.999443 0.923331 0.959881 0.99462
ath_100bp_8ins.fasta.soap.bam 10 11966709 0 0 0
ath_100bp_8ins.fasta.star.bam 10 11966709 344224 1472 0.995742 0.0288881 0.0561473 0.335407
ath_100bp_8ins.fasta.bwaaln.bam 10 11966709 0 0 0
ath_100bp_4snp.fasta.sr.bam 10 11966709 8975788 348371 0.962638 0.779175 0.861245 0.949487
ath_100bp_8snp.fasta.soap.bam 10 11966709 80480 206 0.997447 0.00674254 0.0133945 0.103436
ath_100bp_8del.fasta.sr.bam 10 11966709 3452197 279988 0.92498 0.311881 0.466477 0.829106
ath_100bp_8ins.fasta.bt2.bam 10 11966709 34 0 1 2.84122e-06 5.68242e-06 4.82985e-05
ath_100bp_4snp.fasta.star.bam 10 11966709 11476700 6266 0.999454 0.959576 0.979109 0.997017
ath_100bp_8ins.fasta.sr.bam 10 11966709 3181512 225886 0.933707 0.28474 0.436398 0.823325
ath_100bp_8snp.fasta.sr.bam 10 11966709 2479832 267528 0.902624 0.229584 0.36606 0.769865
ath_100bp_8snp.fasta.bwaaln.bam 10 11966709 3837766 6761 0.998241 0.321269 0.486095 0.888153
ath_100bp_8snp.fasta.bt2.bam 10 11966709 3962933 782 0.999803 0.331228 0.497603 0.893692
ath_100bp_8del.fasta.bwamem.bam 10 11966709 10792431 8670 0.999197 0.902596 0.948443 0.992946
ath_100bp_8ins.fasta.bwamem.bam 10 11966709 11026580 4564 0.999586 0.921819 0.959129 0.99465
ath_100bp_8snp.fasta.bwamem.bam 10 11966709 11131514 4081 0.999634 0.930548 0.963855 0.995287
ath_100bp.fasta.bt2.bam 10 11966709 11284545 6 0.999999 0.942995 0.970661 0.996456
ath_200bp_16del.fasta.soap.bam 10 11966639 0 0 0
ath_200bp_16del.fasta.sr.bam 10 11966639 0 0 0
ath_200bp_16del.fasta.star.bam 10 11966639 4967 13 0.99739 0.000416157 0.000831967 0.00702775
ath_100bp_8snp.fasta.star.bam 10 11966709 11449298 16857 0.99853 0.958171 0.977934 0.996062
ath_100bp.fasta.bwaaln.bam 10 11966709 11503448 0 1 0.961288 0.980262 0.997637
ath_200bp_16del.fasta.bwaaln.bam 10 11966639 0 0 0
ath_200bp_16ins.fasta.soap.bam 10 11966639 0 0 0
ath_200bp_16ins.fasta.sr.bam 10 11966639 0 0 0
ath_200bp_16ins.fasta.star.bam 10 11966639 11391 26 0.997723 0.000954069 0.00190632 0.0159748
ath_200bp_16del.fasta.bt2.bam 10 11966639 0 0 0
ath_100bp.fasta.bwamem.bam 10 11966709 11393204 0 1 0.952075 0.975449 0.997048
ath_100bp.fasta.sr.bam 10 11966709 11617073 330307 0.972353 0.998385 0.985197 0.973847
ath_200bp_16snp.fasta.soap.bam 10 11966639 15 0 1 1.25348e-06 2.50696e-06 2.13087e-05
ath_100bp.fasta.soap.bam 10 11966709 11504023 12 0.999999 0.961337 0.980287 0.997639
ath_100bp.fasta.star.bam 10 11966709 11497404 0 1 0.960782 0.979999 0.997605
ath_200bp_16ins.fasta.bwaaln.bam 10 11966639 0 0 0
ath_200bp_16snp.fasta.bwaaln.bam 10 11966639 507344 375 0.999261 0.0424279 0.0813996 0.429497
ath_200bp_16ins.fasta.bt2.bam 10 11966639 0 0 0
ath_200bp_16snp.fasta.sr.bam 10 11966639 827418 68264 0.923785 0.0748483 0.138477 0.5541
ath_200bp_16snp.fasta.bt2.bam 10 11966639 2877899 59 0.999979 0.240498 0.387743 0.843322
ath_200bp_1del.fasta.soap.bam 10 11966639 504129 990 0.99804 0.0422106 0.0809956 0.427973
ath_200bp_16del.fasta.bwamem.bam 10 11966639 11447180 621 0.999946 0.956643 0.977815 0.997291
ath_200bp_16snp.fasta.bwamem.bam 10 11966639 11512404 265 0.999977 0.962064 0.980654 0.997664
ath_200bp_16snp.fasta.star.bam 10 11966639 10843158 7806 0.999281 0.906768 0.950779 0.99332
ath_200bp_16ins.fasta.bwamem.bam 10 11966639 11489126 388 0.999966 0.960129 0.979643 0.997531
ath_200bp_1ins.fasta.soap.bam 10 11966639 319382 565 0.998234 0.0267366 0.0520783 0.318172
ath_200bp_1del.fasta.bt2.bam 10 11966639 11491746 319 0.999972 0.960342 0.979756 0.997551
ath_200bp_1del.fasta.bwamem.bam 10 11966639 11545819 77 0.999993 0.96484 0.982102 0.997854
ath_200bp_1del.fasta.bwaaln.bam 10 11966639 11653666 1867 0.99984 0.974002 0.986752 0.998282
ath_200bp_1del.fasta.sr.bam 10 11966639 11717732 189469 0.984088 0.995033 0.98953 0.984725
ath_200bp_1del.fasta.star.bam 10 11966639 11650607 838 0.999928 0.973661 0.98662 0.998344
ath_200bp_1ins.fasta.bt2.bam 10 11966639 11493380 308 0.999973 0.960478 0.979828 0.99756
ath_200bp_1ins.fasta.bwaaln.bam 10 11966639 11645687 1168 0.9999 0.973277 0.986409 0.998294
ath_200bp_1ins.fasta.bwamem.bam 10 11966639 11547479 35 0.999997 0.964976 0.982174 0.997867
ath_200bp_1snp.fasta.bt2.bam 10 11966639 11494009 2 1 0.960505 0.979855 0.997587
ath_200bp_1ins.fasta.sr.bam 10 11966639 11727974 183682 0.98458 0.995405 0.989963 0.98521
ath_200bp_2del.fasta.soap.bam 10 11966639 22378 58 0.997415 0.00187488 0.00374272 0.0309423
ath_200bp_1ins.fasta.star.bam 10 11966639 11647186 895 0.999923 0.973379 0.986472 0.998322
ath_200bp_1snp.fasta.bwamem.bam 10 11966639 11547880 1 1 0.965006 0.982191 0.997871
ath_200bp_1snp.fasta.bwaaln.bam 10 11966639 11657314 218 0.999981 0.974169 0.986906 0.998425
ath_200bp_1snp.fasta.sr.bam 10 11966639 11761464 186366 0.984402 0.998428 0.991365 0.985216
ath_200bp_2del.fasta.bwaaln.bam 10 11966639 2721871 16714 0.993897 0.228852 0.372039 0.830569
ath_200bp_2ins.fasta.soap.bam 10 11966639 5118 10 0.99805 0.000428525 0.000856682 0.00723522
ath_200bp_1snp.fasta.soap.bam 10 11966639 11656724 231 0.99998 0.974121 0.986881 0.998421
ath_200bp_1snp.fasta.star.bam 10 11966639 11653546 222 0.999981 0.973855 0.986745 0.998405
ath_200bp_2del.fasta.bt2.bam 10 11966639 11411821 326 0.999971 0.953664 0.976269 0.997123
ath_200bp_2ins.fasta.bwaaln.bam 10 11966639 2364681 10724 0.995485 0.198502 0.331002 0.805294
ath_200bp_2del.fasta.sr.bam 10 11966639 11300815 190907 0.983387 0.960313 0.971713 0.981999
ath_200bp_2del.fasta.bwamem.bam 10 11966639 11541900 149 0.999987 0.964519 0.981933 0.997829
ath_200bp_2del.fasta.star.bam 10 11966639 11081875 4656 0.99958 0.926453 0.961628 0.99496
ath_200bp_2ins.fasta.bt2.bam 10 11966639 11354822 192 0.999983 0.948889 0.973766 0.996826
ath_200bp_2ins.fasta.bwamem.bam 10 11966639 11545467 60 0.999995 0.96481 0.982087 0.997854
ath_200bp_2snp.fasta.bt2.bam 10 11966639 11492496 241 0.999979 0.960398 0.979789 0.997561
ath_200bp_2ins.fasta.sr.bam 10 11966639 11570195 184745 0.984284 0.982309 0.983296 0.984168
ath_200bp_32del.fasta.soap.bam 10 11966639 0 0 0
ath_200bp_2ins.fasta.star.bam 10 11966639 11544581 3525 0.999695 0.965025 0.982054 0.997587
ath_200bp_32del.fasta.star.bam 10 11966639 0 0 0
ath_200bp_32del.fasta.bt2.bam 10 11966639 0 0 0
ath_200bp_2snp.fasta.bwaaln.bam 10 11966639 11656498 430 0.999963 0.974119 0.986872 0.998405
ath_200bp_2snp.fasta.bwamem.bam 10 11966639 11546202 6 0.999999 0.964866 0.982118 0.997862
ath_200bp_32ins.fasta.soap.bam 10 11966639 0 0 0
ath_200bp_32del.fasta.bwaaln.bam 10 11966639 0 0 0
ath_200bp_32ins.fasta.star.bam 10 11966639 0 0 0
ath_200bp_32ins.fasta.sr.bam 10 11966639 716317 107025 0.870011 0.0688031 0.127521 0.516328
ath_200bp_2snp.fasta.soap.bam 10 11966639 11656123 444 0.999962 0.974089 0.986856 0.998402
ath_200bp_2snp.fasta.sr.bam 10 11966639 11762906 184850 0.984528 0.998422 0.991426 0.985335
ath_200bp_32snp.fasta.soap.bam 10 11966639 0 0 0
ath_200bp_32del.fasta.sr.bam 10 11966639 1902173 184567 0.911552 0.17438 0.292756 0.730018
ath_200bp_32snp.fasta.star.bam 10 11966639 327602 779 0.997628 0.0274414 0.0534136 0.323937
ath_200bp_2snp.fasta.star.bam 10 11966639 11650228 419 0.999964 0.973594 0.986603 0.998373
ath_200bp_32ins.fasta.bt2.bam 10 11966639 0 0 0
ath_200bp_32ins.fasta.bwaaln.bam 10 11966639 0 0 0
ath_200bp_4del.fasta.soap.bam 10 11966639 48 0 1 4.01115e-06 8.02227e-06 6.81852e-05
ath_200bp_32del.fasta.bwamem.bam 10 11966639 5687946 13503 0.997632 0.476445 0.644901 0.937318
ath_200bp_32snp.fasta.bt2.bam 10 11966639 84 0 1 7.01951e-06 1.40389e-05 0.000119318
ath_200bp_32snp.fasta.bwaaln.bam 10 11966639 2 0 1 1.67131e-07 3.34262e-07 2.84122e-06
ath_200bp_4del.fasta.bwaaln.bam 10 11966639 58551 473 0.991986 0.00493238 0.00981595 0.0776713
ath_200bp_32snp.fasta.sr.bam 10 11966639 1349447 259983 0.838463 0.134493 0.231804 0.641077
ath_200bp_4ins.fasta.soap.bam 10 11966639 1 0 1 8.35657e-08 1.67131e-07 1.42062e-06
ath_200bp_4ins.fasta.bwaaln.bam 10 11966639 24257 124 0.994914 0.00203741 0.00406649 0.0335371
ath_200bp_32ins.fasta.bwamem.bam 10 11966639 9754370 9040 0.999074 0.815886 0.898235 0.986051
ath_200bp_32snp.fasta.bwamem.bam 10 11966639 11090262 16822 0.998485 0.928171 0.962045 0.994055
ath_200bp_4del.fasta.star.bam 10 11966639 8537004 10014 0.998828 0.714237 0.832893 0.975953
ath_200bp_4del.fasta.bt2.bam 10 11966639 11384125 360 0.999968 0.951352 0.975054 0.996971
ath_200bp_4del.fasta.bwamem.bam 10 11966639 11528109 76 0.999993 0.96336 0.981335 0.997761
ath_200bp_4del.fasta.sr.bam 10 11966639 9694072 191869 0.980592 0.826125 0.896755 0.969924
ath_200bp_4ins.fasta.bt2.bam 10 11966639 11340545 305 0.999973 0.947706 0.973138 0.996739
ath_200bp_4snp.fasta.soap.bam 10 11966639 3158969 550 0.999826 0.264027 0.41774 0.859008
ath_200bp_4ins.fasta.bwamem.bam 10 11966639 11534115 111 0.99999 0.963865 0.981595 0.99779
ath_200bp_4ins.fasta.sr.bam 10 11966639 10320135 195038 0.981452 0.878707 0.927242 0.974748
ath_200bp_8del.fasta.soap.bam 10 11966639 0 0 0
ath_200bp_8del.fasta.sr.bam 10 11966639 9558 3049 0.75815 0.00105351 0.0021041 0.0175201
ath_200bp_8del.fasta.star.bam 10 11966639 1966993 3798 0.998073 0.16469 0.282728 0.76913
ath_200bp_8del.fasta.bwaaln.bam 10 11966639 13 1 0.928571 1.16992e-06 2.33984e-06 1.98882e-05
ath_200bp_4snp.fasta.bt2.bam 10 11966639 11383932 389 0.999966 0.951338 0.975046 0.996968
ath_200bp_4ins.fasta.star.bam 10 11966639 10899529 7972 0.999269 0.911492 0.953364 0.99364
ath_200bp_8ins.fasta.soap.bam 10 11966639 0 0 0
ath_200bp_8ins.fasta.sr.bam 10 11966639 11324 3168 0.781397 0.00121103 0.00241831 0.0200893
ath_200bp_4snp.fasta.bwaaln.bam 10 11966639 11592349 994 0.999914 0.968805 0.984114 0.998029
ath_200bp_8del.fasta.bt2.bam 10 11966639 2231038 15 0.999993 0.186439 0.314283 0.795739
ath_200bp_4snp.fasta.bwamem.bam 10 11966639 11541314 16 0.999999 0.964459 0.981908 0.997836
ath_200bp_8ins.fasta.bwaaln.bam 10 11966639 0 0 0
ath_200bp_8snp.fasta.soap.bam 10 11966639 64591 30 0.999536 0.0054001 0.0107422 0.0844976
ath_200bp_4snp.fasta.star.bam 10 11966639 11644107 843 0.999928 0.973118 0.986341 0.99831
ath_200bp_4snp.fasta.sr.bam 10 11966639 11762042 185455 0.984478 0.9984 0.99139 0.985286
ath_200bp_8ins.fasta.star.bam 10 11966639 5944758 6751 0.998866 0.497342 0.664049 0.942933
ath_200bp_8ins.fasta.bt2.bam 10 11966639 4389788 32 0.999993 0.366838 0.536768 0.907823
ath_200bp_8del.fasta.bwamem.bam 10 11966639 11508991 106 0.999991 0.961765 0.980506 0.997658
ath_200bp_8ins.fasta.bwamem.bam 10 11966639 11522927 194 0.999983 0.962937 0.98111 0.997725
ath_200bp_8snp.fasta.bt2.bam 10 11966639 11123875 378 0.999966 0.929605 0.963503 0.995534
ath_200bp_8snp.fasta.sr.bam 10 11966639 8588645 148337 0.983022 0.730112 0.837898 0.963392
ath_200bp_8snp.fasta.bwaaln.bam 10 11966639 11043000 2109 0.999809 0.922992 0.959866 0.994938
ath_200bp_8snp.fasta.bwamem.bam 10 11966639 11529681 57 0.999995 0.96349 0.981403 0.997771
ath_200bp.fasta.bt2.bam 10 11966639 11485211 0 1 0.959769 0.979472 0.99754
ath_200bp_8snp.fasta.star.bam 10 11966639 11635008 1706 0.999853 0.97243 0.985951 0.998197
ath_200bp.fasta.bwaaln.bam 10 11966639 11658176 0 1 0.974223 0.986943 0.998446
ath_200bp.fasta.bwamem.bam 10 11966639 11549433 0 1 0.965136 0.982259 0.99788
ath_200bp.fasta.soap.bam 10 11966639 11658325 14 0.999999 0.974237 0.98695 0.998446
ath_200bp.fasta.sr.bam 10 11966639 11749656 198200 0.983411 0.99843 0.990864 0.984282
ath_200bp.fasta.star.bam 10 11966639 11656945 0 1 0.97412 0.98689 0.99844
ath_50bp_1del.fasta.soap.bam 10 11966744 1927342 29209 0.985071 0.163499 0.28045 0.760329
ath_50bp_1ins.fasta.soap.bam 10 11966744 1224931 14515 0.988289 0.103574 0.187498 0.657779
ath_50bp_1del.fasta.bt2.bam 10 11966744 10837231 7275 0.999329 0.90622 0.9505 0.993326
ath_50bp_1del.fasta.bwamem.bam 10 11966744 10960689 3448 0.999686 0.916217 0.956133 0.994357
ath_50bp_1del.fasta.bwaaln.bam 10 11966744 11124368 46095 0.995873 0.933459 0.963656 0.991971
ath_50bp_1ins.fasta.bt2.bam 10 11966744 10788710 3974 0.999632 0.90189 0.948249 0.9933
ath_50bp_1del.fasta.star.bam 10 11966744 11125551 18428 0.998346 0.931246 0.963629 0.994132
ath_50bp_1del.fasta.sr.bam 10 11966744 10597089 675331 0.94009 0.941979 0.941034 0.940201
ath_50bp_1ins.fasta.bwaaln.bam 10 11966744 11117816 24836 0.997771 0.931135 0.963302 0.993588
ath_50bp_1ins.fasta.bwamem.bam 10 11966744 10953898 853 0.999922 0.915433 0.955814 0.994523
ath_50bp_1ins.fasta.sr.bam 10 11966744 10699874 678234 0.940391 0.950811 0.945572 0.940998
ath_50bp_2del.fasta.bt2.bam 10 11966744 2957089 8549 0.997117 0.247823 0.396981 0.846555
ath_50bp_2del.fasta.soap.bam 10 11966744 342684 7776 0.977812 0.0292862 0.0568691 0.336575
ath_50bp_2del.fasta.bwaaln.bam 10 11966744 3960904 52317 0.986964 0.335364 0.50062 0.885732
ath_50bp_1snp.fasta.bt2.bam 10 11966744 10995903 8027 0.999271 0.919543 0.957751 0.9942
ath_50bp_1snp.fasta.bwaaln.bam 10 11966744 11170688 6012 0.999462 0.93398 0.965612 0.995357
ath_50bp_1snp.fasta.bwamem.bam 10 11966744 11003831 3419 0.999689 0.91982 0.958093 0.994609
ath_50bp_1ins.fasta.star.bam 10 11966744 11117982 15277 0.998628 0.93035 0.963281 0.994335
ath_50bp_2ins.fasta.soap.bam 10 11966744 77442 1568 0.980154 0.00660246 0.0131166 0.101322
ath_50bp_1snp.fasta.soap.bam 10 11966744 11179214 8034 0.999282 0.934861 0.965999 0.995248
ath_50bp_1snp.fasta.sr.bam 10 11966744 11331934 613559 0.948637 0.998224 0.972799 0.951417
ath_50bp_1snp.fasta.star.bam 10 11966744 11155571 10261 0.999081 0.933072 0.964949 0.994941
ath_50bp_2ins.fasta.bt2.bam 10 11966744 1618786 1412 0.999129 0.135392 0.238469 0.726499
ath_50bp_2ins.fasta.bwaaln.bam 10 11966744 2718599 25064 0.990865 0.229274 0.372383 0.8289
ath_50bp_2del.fasta.bwamem.bam 10 11966744 10703956 11984 0.998882 0.895477 0.944357 0.992143
ath_50bp_2del.fasta.sr.bam 10 11966744 8998726 746458 0.923402 0.814356 0.865458 0.916185
ath_50bp_2del.fasta.star.bam 10 11966744 8505095 62746 0.992677 0.715971 0.831919 0.970611
ath_50bp_2ins.fasta.sr.bam 10 11966744 9107216 730283 0.925765 0.82207 0.870842 0.918946
ath_50bp_4del.fasta.bt2.bam 10 11966744 137444 710 0.994861 0.0115448 0.0228247 0.165528
ath_50bp_2ins.fasta.bwamem.bam 10 11966744 10788868 6414 0.999406 0.902107 0.948267 0.993105
ath_50bp_4del.fasta.soap.bam 10 11966744 17091 654 0.963145 0.00148286 0.00296116 0.0246026
ath_50bp_2ins.fasta.star.bam 10 11966744 9100084 48323 0.994718 0.764486 0.864536 0.977403
ath_50bp_4del.fasta.bwaaln.bam 10 11966744 265690 7437 0.972771 0.0228238 0.0446011 0.282103
ath_50bp_2snp.fasta.bt2.bam 10 11966744 9602636 12076 0.998744 0.803453 0.890517 0.984665
ath_50bp_2snp.fasta.bwamem.bam 10 11966744 10813920 9658 0.999108 0.904471 0.949437 0.992996
ath_50bp_2snp.fasta.bwaaln.bam 10 11966744 11154877 12107 0.998916 0.933168 0.964923 0.994793
ath_50bp_4ins.fasta.soap.bam 10 11966744 274 14 0.951389 2.40667e-05 4.81322e-05 0.000408968
ath_50bp_4del.fasta.bwamem.bam 10 11966744 3267511 12910 0.996065 0.274128 0.429934 0.862456
ath_50bp_4del.fasta.star.bam 10 11966744 2637436 44424 0.983435 0.224109 0.365033 0.820004
ath_50bp_4ins.fasta.bwaaln.bam 10 11966744 17222 487 0.9725 0.00147985 0.0029552 0.0245595
ath_50bp_4ins.fasta.bt2.bam 10 11966744 11648 35 0.997004 0.000976289 0.00195067 0.0163409
ath_50bp_2snp.fasta.soap.bam 10 11966744 11161547 15758 0.99859 0.934031 0.965232 0.994546
ath_50bp_2snp.fasta.sr.bam 10 11966744 10386852 644999 0.941533 0.921876 0.931601 0.940354
ath_50bp_4ins.fasta.star.bam 10 11966744 1976219 20729 0.98962 0.166875 0.285592 0.767137
ath_50bp_4del.fasta.sr.bam 10 11966744 4858966 539626 0.900043 0.451133 0.601016 0.850273
ath_50bp_2snp.fasta.star.bam 10 11966744 11134698 23034 0.997936 0.932395 0.964053 0.993827
ath_50bp_4snp.fasta.soap.bam 10 11966744 3340440 19590 0.99417 0.280781 0.43789 0.864906
ath_50bp_8del.fasta.bt2.bam 10 11966744 518 15 0.971857 4.45401e-05 8.90761e-05 0.000756627
ath_50bp_8del.fasta.soap.bam 10 11966744 301 50 0.85755 2.93313e-05 5.86606e-05 0.000498359
ath_50bp_4snp.fasta.bt2.bam 10 11966744 2702787 7088 0.997384 0.22645 0.369098 0.830973
ath_50bp_8del.fasta.star.bam 10 11966744 149524 8563 0.945834 0.0132105 0.0260571 0.183558
ath_50bp_4ins.fasta.bwamem.bam 10 11966744 4937192 8957 0.998189 0.413325 0.584587 0.921488
ath_50bp_8del.fasta.bwaaln.bam 10 11966744 3705 418 0.898618 0.000344538 0.000688812 0.00582143
ath_50bp_8del.fasta.bwamem.bam 10 11966744 49566 670 0.986663 0.00419797 0.00836037 0.0668169
ath_50bp_8ins.fasta.soap.bam 10 11966744 0 0 0
ath_50bp_4ins.fasta.sr.bam 10 11966744 4857445 502962 0.906171 0.447942 0.599525 0.854738
ath_50bp_8ins.fasta.star.bam 10 11966744 17753 417 0.97705 0.00151837 0.00303203 0.025186
ath_50bp_8del.fasta.sr.bam 10 11966744 600441 131479 0.820364 0.0611628 0.113838 0.474154
ath_50bp_8ins.fasta.bt2.bam 10 11966744 1 0 1 8.35649e-08 1.6713e-07 1.4206e-06
ath_50bp_4snp.fasta.bwaaln.bam 10 11966744 6917855 28300 0.995926 0.580455 0.73344 0.955688
ath_50bp_8snp.fasta.soap.bam 10 11966744 119198 1965 0.983782 0.010125 0.0200437 0.147789
ath_50bp_8ins.fasta.bwaaln.bam 10 11966744 3 0 1 2.50695e-07 5.0139e-07 4.2618e-06
ath_50bp_8ins.fasta.bwamem.bam 10 11966744 329335 1323 0.995999 0.0276314 0.0537711 0.325328
ath_50bp_8snp.fasta.bt2.bam 10 11966744 93735 544 0.99423 0.00787842 0.015633 0.118863
ath_50bp_8ins.fasta.sr.bam 10 11966744 676950 97366 0.874255 0.0647057 0.120493 0.503616
ath_50bp_8snp.fasta.bwaaln.bam 10 11966744 510659 7310 0.985887 0.043284 0.0829272 0.432215
ath_50bp_4snp.fasta.sr.bam 10 11966744 6739820 578550 0.920946 0.611559 0.735022 0.894332
ath_50bp_4snp.fasta.bwamem.bam 10 11966744 9082283 31316 0.996564 0.761577 0.863367 0.978799
ath_50bp_8snp.fasta.bwamem.bam 10 11966744 2343491 24540 0.989637 0.197884 0.329819 0.801093
ath_50bp_8snp.fasta.sr.bam 10 11966744 1875329 271923 0.873362 0.179435 0.297705 0.711504
ath_50bp_4snp.fasta.star.bam 10 11966744 10691986 65415 0.993919 0.898941 0.944047 0.98778
ath_50bp_8snp.fasta.star.bam 10 11966744 7164425 118145 0.983777 0.608567 0.751966 0.949347
ath_50bp.fasta.bwamem.bam 10 11966744 11058860 0 1 0.924133 0.960571 0.995194
ath_50bp.fasta.bt2.bam 10 11966744 11197437 5 1 0.935713 0.966789 0.995975
ath_50bp.fasta.bwaaln.bam 10 11966744 11187515 0 1 0.934884 0.966346 0.99592
ath_50bp.fasta.soap.bam 10 11966744 11197589 13 0.999999 0.935727 0.966796 0.995975
ath_50bp.fasta.sr.bam 10 11966744 11334963 611624 0.948803 0.998316 0.97293 0.951579
ath_50bp.fasta.star.bam 10 11966744 11174756 0 1 0.933818 0.965777 0.995848
ath_500bp_16del_sample.fasta.bwaaln.bam 10 1196642 0 0 0
ath_500bp_16del_sample.fasta.bt2.bam 10 1196642 1094193 2 0.999998 0.914388 0.955279 0.994521
ath_500bp_16del_sample.fasta.soap.bam 10 1196642 0 0 0
ath_500bp_16del_sample.fasta.sr.bam 10 1196642 7448 753 0.908182 0.00685334 0.013604 0.103955
ath_500bp_16del_sample.fasta.star.bam 10 1196642 47768 30 0.999372 0.0399434 0.0768166 0.414175
ath_500bp_16del_sample.fasta.bwamem.bam 10 1196642 1169913 2 0.999998 0.977665 0.988705 0.998656
ath_500bp_16ins_sample.fasta.bt2.bam 10 1196642 1090545 2 0.999998 0.911339 0.953612 0.994308
ath_500bp_16ins_sample.fasta.bwaaln.bam 10 1196642 0 0 0
ath_500bp_16ins_sample.fasta.soap.bam 10 1196642 0 0 0
ath_500bp_16ins_sample.fasta.sr.bam 10 1196642 0 0 0
ath_500bp_16ins_sample.fasta.star.bam 10 1196642 333376 118 0.999646 0.278692 0.435868 0.867619
ath_500bp_16ins_sample.fasta.bwamem.bam 10 1196642 1170305 2 0.999998 0.977993 0.988873 0.998676
ath_500bp_16snp_sample.fasta.bt2.bam 10 1196642 1147681 7 0.999994 0.959091 0.979116 0.997492
ath_500bp_16snp_sample.fasta.bwaaln.bam 10 1196642 946719 48 0.999949 0.791187 0.883402 0.984666
ath_500bp_16snp_sample.fasta.soap.bam 10 1196642 2367 1 0.999578 0.00197887 0.00394992 0.0326079
ath_500bp_16snp_sample.fasta.bwamem.bam 10 1196642 1171021 2 0.999998 0.978591 0.989179 0.998713
ath_500bp_16snp_sample.fasta.sr.bam 10 1196642 1175806 11187 0.990575 0.991937 0.991256 0.990655
ath_500bp_16snp_sample.fasta.star.bam 10 1196642 1131492 119 0.999895 0.945655 0.972019 0.996533
ath_500bp_1del_sample.fasta.soap.bam 10 1196642 30528 63 0.997941 0.025564 0.049851 0.308247
ath_500bp_1del_sample.fasta.bt2.bam 10 1196642 1160342 3 0.999997 0.969668 0.984599 0.998161
ath_500bp_1del_sample.fasta.bwaaln.bam 10 1196642 1176094 25 0.999979 0.98285 0.991341 0.998955
ath_500bp_1del_sample.fasta.bwamem.bam 10 1196642 1171379 0 1 0.978888 0.989331 0.998733
ath_500bp_1del_sample.fasta.sr.bam 10 1196642 1182605 11441 0.990418 0.997831 0.994111 0.990851
ath_500bp_1del_sample.fasta.star.bam 10 1196642 1175637 9 0.999992 0.982454 0.991145 0.998943
ath_500bp_1ins_sample.fasta.bt2.bam 10 1196642 1160344 4 0.999997 0.96967 0.9846 0.998161
ath_500bp_1ins_sample.fasta.soap.bam 10 1196642 22983 33 0.998566 0.0192338 0.0377407 0.249946
ath_500bp_1ins_sample.fasta.bwaaln.bam 10 1196642 1175747 17 0.999986 0.982553 0.991193 0.998943
ath_500bp_1ins_sample.fasta.bwamem.bam 10 1196642 1171403 0 1 0.978908 0.989342 0.998734
ath_500bp_1ins_sample.fasta.sr.bam 10 1196642 1182516 11466 0.990397 0.997777 0.994073 0.990828
ath_500bp_1ins_sample.fasta.star.bam 10 1196642 1175329 10 0.999991 0.982198 0.991015 0.998927
ath_500bp_1snp_sample.fasta.bt2.bam 10 1196642 1160475 0 1 0.969776 0.984656 0.99817
ath_500bp_1snp_sample.fasta.bwaaln.bam 10 1196642 1176188 6 0.999995 0.982912 0.99138 0.998974
ath_500bp_1snp_sample.fasta.bwamem.bam 10 1196642 1171410 0 1 0.978914 0.989345 0.998735
ath_500bp_1snp_sample.fasta.soap.bam 10 1196642 1176188 6 0.999995 0.982912 0.99138 0.998974
ath_500bp_1snp_sample.fasta.sr.bam 10 1196642 1182807 11817 0.990108 0.998314 0.994194 0.990587
ath_500bp_1snp_sample.fasta.star.bam 10 1196642 1175784 6 0.999995 0.982575 0.991208 0.998953
ath_500bp_2del_sample.fasta.bwaaln.bam 10 1196642 179454 643 0.99643 0.150502 0.261506 0.748841
ath_500bp_2del_sample.fasta.soap.bam 10 1196642 881 3 0.996606 0.000738734 0.00147637 0.0124113
ath_500bp_2del_sample.fasta.bt2.bam 10 1196642 1162030 8 0.999993 0.971082 0.985325 0.998245
ath_500bp_2del_sample.fasta.bwamem.bam 10 1196642 1171300 0 1 0.978822 0.989298 0.998729
ath_500bp_2del_sample.fasta.star.bam 10 1196642 1153601 76 0.999934 0.964095 0.981688 0.997752
ath_500bp_2del_sample.fasta.sr.bam 10 1196642 1179280 11142 0.99064 0.994802 0.992717 0.990884
ath_500bp_2ins_sample.fasta.bt2.bam 10 1196642 1160242 3 0.999997 0.969584 0.984556 0.998155
ath_500bp_2ins_sample.fasta.bwaaln.bam 10 1196642 164673 460 0.997214 0.137997 0.242444 0.729888
ath_500bp_2ins_sample.fasta.bwamem.bam 10 1196642 1171351 5 0.999996 0.978869 0.98932 0.998728
ath_500bp_2ins_sample.fasta.soap.bam 10 1196642 408 2 0.995122 0.000342625 0.000685014 0.00579271
ath_500bp_2ins_sample.fasta.sr.bam 10 1196642 1178916 11311 0.990497 0.994639 0.992564 0.99074
ath_500bp_2ins_sample.fasta.star.bam 10 1196642 1171106 57 0.999951 0.978708 0.989215 0.998676
ath_500bp_2snp_sample.fasta.bt2.bam 10 1196642 1160364 2 0.999998 0.969685 0.984608 0.998163
ath_500bp_2snp_sample.fasta.bwaaln.bam 10 1196642 1176172 10 0.999991 0.982902 0.991373 0.998969
ath_500bp_2snp_sample.fasta.bwamem.bam 10 1196642 1171392 0 1 0.978899 0.989337 0.998734
ath_500bp_2snp_sample.fasta.soap.bam 10 1196642 1176174 11 0.999991 0.982905 0.991374 0.99897
ath_500bp_2snp_sample.fasta.sr.bam 10 1196642 1183095 11531 0.990348 0.998315 0.994316 0.990813
ath_500bp_2snp_sample.fasta.star.bam 10 1196642 1175163 10 0.999991 0.982059 0.990944 0.998918
ath_500bp_32del_sample.fasta.bt2.bam 10 1196642 0 0 0
ath_500bp_32del_sample.fasta.bwaaln.bam 10 1196642 0 0 0
ath_500bp_32del_sample.fasta.soap.bam 10 1196642 0 0 0
ath_500bp_32del_sample.fasta.sr.bam 10 1196642 4586 1296 0.779667 0.00491542 0.00976925 0.0759054
ath_500bp_32del_sample.fasta.star.bam 10 1196642 0 0 0
ath_500bp_32del_sample.fasta.bwamem.bam 10 1196642 1167281 7 0.999994 0.97547 0.98758 0.998517
ath_500bp_32ins_sample.fasta.bwaaln.bam 10 1196642 0 0 0
ath_500bp_32ins_sample.fasta.bt2.bam 10 1196642 0 0 0
ath_500bp_32ins_sample.fasta.soap.bam 10 1196642 0 0 0
ath_500bp_32ins_sample.fasta.sr.bam 10 1196642 0 0 0
ath_500bp_32ins_sample.fasta.star.bam 10 1196642 51 0 1 4.26193e-05 8.5235e-05 0.000724034
ath_500bp_32ins_sample.fasta.bwamem.bam 10 1196642 1168334 1 0.999999 0.976345 0.98803 0.998576
ath_500bp_32snp_sample.fasta.bt2.bam 10 1196642 890056 3 0.999997 0.743797 0.853076 0.980138
ath_500bp_32snp_sample.fasta.bwaaln.bam 10 1196642 150 0 1 0.000125351 0.000250671 0.0021267
ath_500bp_32snp_sample.fasta.soap.bam 10 1196642 0 0 0
ath_500bp_32snp_sample.fasta.bwamem.bam 10 1196642 1170132 4 0.999997 0.97785 0.9888 0.998667
ath_500bp_32snp_sample.fasta.star.bam 10 1196642 91962 29 0.999685 0.0768743 0.14277 0.585938
ath_500bp_32snp_sample.fasta.sr.bam 10 1196642 15685 343 0.9786 0.0133941 0.0264265 0.186793
ath_500bp_4del_sample.fasta.bwaaln.bam 10 1196642 1514 10 0.993438 0.00127356 0.00254386 0.0212154
ath_500bp_4del_sample.fasta.bt2.bam 10 1196642 1161550 2 0.999998 0.970676 0.985119 0.998224
ath_500bp_4del_sample.fasta.soap.bam 10 1196642 0 0 0
ath_500bp_4del_sample.fasta.sr.bam 10 1196642 456891 9015 0.980651 0.389345 0.557391 0.900228
ath_500bp_4del_sample.fasta.bwamem.bam 10 1196642 1171178 0 1 0.97872 0.989246 0.998723
ath_500bp_4del_sample.fasta.star.bam 10 1196642 1047768 225 0.999785 0.875778 0.933682 0.991526
ath_500bp_4ins_sample.fasta.bwaaln.bam 10 1196642 865 4 0.995397 0.000726199 0.00145134 0.0122029
ath_500bp_4ins_sample.fasta.bt2.bam 10 1196642 1159978 4 0.999997 0.969364 0.984442 0.998142
ath_500bp_4ins_sample.fasta.soap.bam 10 1196642 0 0 0
ath_500bp_4ins_sample.fasta.bwamem.bam 10 1196642 1171241 4 0.999997 0.978776 0.989273 0.998723
ath_500bp_4ins_sample.fasta.sr.bam 10 1196642 476029 9273 0.980892 0.405553 0.573847 0.905341
ath_500bp_4ins_sample.fasta.star.bam 10 1196642 1150856 119 0.999897 0.961837 0.980498 0.997575
ath_500bp_4snp_sample.fasta.bt2.bam 10 1196642 1160229 1 0.999999 0.969572 0.98455 0.998156
ath_500bp_4snp_sample.fasta.bwaaln.bam 10 1196642 1175692 14 0.999988 0.982504 0.991169 0.998942
ath_500bp_4snp_sample.fasta.bwamem.bam 10 1196642 1171336 1 0.999999 0.978853 0.989313 0.99873
ath_500bp_4snp_sample.fasta.soap.bam 10 1196642 986730 20 0.99998 0.824599 0.903861 0.987624
ath_500bp_4snp_sample.fasta.sr.bam 10 1196642 1183417 11204 0.990621 0.998311 0.994451 0.99107
ath_500bp_4snp_sample.fasta.star.bam 10 1196642 1174028 12 0.99999 0.981112 0.990461 0.998859
ath_500bp_8del_sample.fasta.bt2.bam 10 1196642 1148859 7 0.999994 0.960075 0.979628 0.997554
ath_500bp_8del_sample.fasta.soap.bam 10 1196642 0 0 0
ath_500bp_8del_sample.fasta.bwaaln.bam 10 1196642 0 0 0
ath_500bp_8del_sample.fasta.sr.bam 10 1196642 332676 7884 0.97685 0.284596 0.440776 0.854575
ath_500bp_8del_sample.fasta.star.bam 10 1196642 642758 287 0.999554 0.537375 0.698972 0.95142
ath_500bp_8del_sample.fasta.bwamem.bam 10 1196642 1170915 1 0.999999 0.978502 0.989134 0.998708
ath_500bp_8ins_sample.fasta.bt2.bam 10 1196642 1148028 3 0.999997 0.959377 0.979266 0.997513
ath_500bp_8ins_sample.fasta.soap.bam 10 1196642 0 0 0
ath_500bp_8ins_sample.fasta.bwaaln.bam 10 1196642 0 0 0
ath_500bp_8ins_sample.fasta.sr.bam 10 1196642 345462 8556 0.975832 0.295843 0.454036 0.859609
ath_500bp_8ins_sample.fasta.star.bam 10 1196642 1023857 279 0.999728 0.855842 0.922206 0.989938
ath_500bp_8ins_sample.fasta.bwamem.bam 10 1196642 1171097 15 0.999987 0.978665 0.989211 0.998707
ath_500bp_8snp_sample.fasta.bt2.bam 10 1196642 1155962 4 0.999997 0.966008 0.982709 0.997932
ath_500bp_8snp_sample.fasta.bwaaln.bam 10 1196642 1171181 21 0.999982 0.978741 0.989247 0.998707
ath_500bp_8snp_sample.fasta.soap.bam 10 1196642 380711 9 0.999976 0.318157 0.482727 0.888031
ath_500bp_8snp_sample.fasta.bwamem.bam 10 1196642 1171248 1 0.999999 0.97878 0.989276 0.998725
ath_500bp_8snp_sample.fasta.sr.bam 10 1196642 1183376 11221 0.990607 0.998291 0.994434 0.991056
ath_500bp_8snp_sample.fasta.star.bam 10 1196642 1172329 16 0.999986 0.979696 0.989737 0.998769
ath_500bp_sample_64del.fasta.bt2.bam 10 1196642 0 0 0
ath_500bp_sample_64del.fasta.soap.bam 10 1196642 0 0 0
ath_500bp_sample_64del.fasta.bwaaln.bam 10 1196642 0 0 0
ath_500bp_sample_64del.fasta.star.bam 10 1196642 0 0 0
ath_500bp_sample_64del.fasta.sr.bam 10 1196642 876577 66238 0.929744 0.787884 0.852956 0.92
ath_500bp_sample_64del.fasta.bwamem.bam 10 1196642 1153558 158 0.999863 0.964128 0.98167 0.997688
ath_500bp_sample_64ins.fasta.bt2.bam 10 1196642 0 0 0
ath_500bp_sample_64ins.fasta.soap.bam 10 1196642 0 0 0
ath_500bp_sample_64ins.fasta.sr.bam 10 1196642 0 0 0
ath_500bp_sample_64ins.fasta.star.bam 10 1196642 0 0 0
ath_500bp_sample_64ins.fasta.bwaaln.bam 10 1196642 0 0 0
ath_500bp_sample_64snp.fasta.soap.bam 10 1196642 0 0 0
ath_500bp_sample_64snp.fasta.star.bam 10 1196642 1 0 1 8.35672e-07 1.67134e-06 1.42062e-05
ath_500bp_sample_64snp.fasta.bwaaln.bam 10 1196642 0 0 0
ath_500bp_sample_64snp.fasta.bt2.bam 10 1196642 0 0 0
ath_500bp_sample_64snp.fasta.sr.bam 10 1196642 3740 935 0.8 0.00390677 0.00777557 0.0616018
ath_500bp_sample_64ins.fasta.bwamem.bam 10 1196642 1161765 36 0.999969 0.970884 0.985212 0.99821
ath_500bp_sample_64snp.fasta.bwamem.bam 10 1196642 1168069 15 0.999987 0.976135 0.987917 0.998552
ath_500bp_sample.fasta.bt2.bam 10 1196642 1160485 0 1 0.969785 0.984661 0.998171
ath_500bp_sample.fasta.bwaaln.bam 10 1196642 1176201 0 1 0.982918 0.991385 0.998979
ath_500bp_sample.fasta.bwamem.bam 10 1196642 1171437 0 1 0.978937 0.989356 0.998736
ath_500bp_sample.fasta.soap.bam 10 1196642 1176201 1 0.999999 0.982919 0.991385 0.998978
ath_500bp_sample.fasta.sr.bam 10 1196642 1182451 12175 0.989809 0.998315 0.994044 0.990305
ath_500bp_sample.fasta.star.bam 10 1196642 1176385 0 1 0.983072 0.991464 0.998988
