BAM Q TOTAL CORRECT INCORRECT PRECISION RECALL F1 F25
hsa_art_200.fq.bwamem.bam 0 29455551 28950149 505400 0.982842 1 0.991421 0.983835
hsa_art_200.fq.bwamem.bam 1 29455551 28300504 2183 0.999923 0.960861 0.980392 0.997538
hsa_art_200.fq.bwamem.bam 2 29455551 28288956 2008 0.999929 0.960463 0.980196 0.997518
hsa_art_200.fq.bwamem.bam 3 29455551 28275848 1859 0.999934 0.960013 0.979974 0.997494
hsa_art_200.fq.bwamem.bam 4 29455551 28256005 1632 0.999942 0.959331 0.979637 0.997458
hsa_art_200.fq.bwamem.bam 5 29455551 28223970 1325 0.999953 0.958233 0.979093 0.997399
hsa_art_200.fq.bwamem.bam 10 29455551 28015493 470 0.999983 0.951127 0.975555 0.996971
hsa_art_200.fq.bwamem.bam 15 29455551 28000168 396 0.999986 0.950604 0.975295 0.99694
hsa_art_200.fq.bwamem.bam 20 29455551 27786954 128 0.999995 0.943356 0.971675 0.996476
hsa_art_200.fq.bwamem.bam 25 29455551 27755065 107 0.999996 0.942273 0.971135 0.996405
hsa_art_200.fq.bwamem.bam 30 29455551 27595081 55 0.999998 0.93684 0.968419 0.996048
BAM Q TOTAL CORRECT INCORRECT PRECISION RECALL F1 F25
hsa_art_200.fq.soap.bam 0 29455551 28314514 493107 0.982883 0.978003 0.980443 0.982595
hsa_art_200.fq.soap.bam 1 29455551 27743132 5295 0.999809 0.942044 0.970927 0.996216
hsa_art_200.fq.soap.bam 2 29455551 27743132 5295 0.999809 0.942044 0.970927 0.996216
hsa_art_200.fq.soap.bam 3 29455551 27743132 5295 0.999809 0.942044 0.970927 0.996216
hsa_art_200.fq.soap.bam 4 29455551 27743132 5295 0.999809 0.942044 0.970927 0.996216
hsa_art_200.fq.soap.bam 5 29455551 27743132 5295 0.999809 0.942044 0.970927 0.996216
hsa_art_200.fq.soap.bam 10 29455551 27743132 5295 0.999809 0.942044 0.970927 0.996216
hsa_art_200.fq.soap.bam 15 29455551 27743132 5295 0.999809 0.942044 0.970927 0.996216
hsa_art_200.fq.soap.bam 20 29455551 27743132 5295 0.999809 0.942044 0.970927 0.996216
hsa_art_200.fq.soap.bam 25 29455551 27743132 5295 0.999809 0.942044 0.970927 0.996216
hsa_art_200.fq.soap.bam 30 29455551 27743132 5295 0.999809 0.942044 0.970927 0.996216
BAM Q TOTAL CORRECT INCORRECT PRECISION RECALL F1 F25
hsa_art_200.fq.bt2.bam 0 29455551 28929771 522811 0.982249 0.999899 0.991074 0.98327
hsa_art_200.fq.bt2.bam 1 29455551 28929583 519092 0.982373 0.999767 0.99107 0.983379
hsa_art_200.fq.bt2.bam 2 29455551 28357217 28322 0.999002 0.963674 0.981338 0.996852
hsa_art_200.fq.bt2.bam 3 29455551 28357008 23956 0.999156 0.963518 0.981337 0.996987
hsa_art_200.fq.bt2.bam 4 29455551 28356990 23714 0.999164 0.96351 0.981337 0.996994
hsa_art_200.fq.bt2.bam 5 29455551 28356977 23618 0.999168 0.963506 0.981337 0.996997
hsa_art_200.fq.bt2.bam 10 29455551 27901085 3879 0.999861 0.947358 0.97361 0.996612
hsa_art_200.fq.bt2.bam 15 29455551 27758534 1860 0.999933 0.94245 0.971191 0.996358
hsa_art_200.fq.bt2.bam 20 29455551 27548464 936 0.999966 0.935287 0.967626 0.995915
hsa_art_200.fq.bt2.bam 25 29455551 27366964 538 0.99998 0.929112 0.964546 0.995513
hsa_art_200.fq.bt2.bam 30 29455551 26953873 191 0.999993 0.915076 0.957534 0.994564
BAM Q TOTAL CORRECT INCORRECT PRECISION RECALL F1 F25
hsa_art_200.fq.bwaaln.bam 0 29455551 28949704 505453 0.98284 0.999987 0.991413 0.983832
hsa_art_200.fq.bwaaln.bam 1 29455551 28351404 2133 0.999925 0.962587 0.981256 0.997649
hsa_art_200.fq.bwaaln.bam 2 29455551 28348197 1778 0.999937 0.962466 0.981202 0.997652
hsa_art_200.fq.bwaaln.bam 3 29455551 28345078 1472 0.999948 0.96235 0.981149 0.997655
hsa_art_200.fq.bwaaln.bam 4 29455551 28342310 1281 0.999955 0.96225 0.981102 0.997655
hsa_art_200.fq.bwaaln.bam 5 29455551 28339429 1121 0.99996 0.962146 0.981053 0.997654
hsa_art_200.fq.bwaaln.bam 10 29455551 28321211 597 0.999979 0.96151 0.980744 0.997631
hsa_art_200.fq.bwaaln.bam 15 29455551 28296025 374 0.999987 0.960647 0.980317 0.997584
hsa_art_200.fq.bwaaln.bam 20 29455551 28243826 222 0.999992 0.95887 0.979431 0.997476
hsa_art_200.fq.bwaaln.bam 25 29455551 28020269 15 0.999999 0.951273 0.975636 0.996995
hsa_art_200.fq.bwaaln.bam 30 29455551 28020264 15 0.999999 0.951273 0.975636 0.996995
BAM Q TOTAL CORRECT INCORRECT PRECISION RECALL F1 F25
hsa_art_100.fq.soap.bam 0 58916702 54938005 1670261 0.970494 0.960819 0.965656 0.969919
hsa_art_100.fq.soap.bam 1 58916702 53484790 50324 0.99906 0.908658 0.953859 0.993247
hsa_art_100.fq.soap.bam 2 58916702 53484790 50324 0.99906 0.908658 0.953859 0.993247
hsa_art_100.fq.soap.bam 3 58916702 53484790 50324 0.99906 0.908658 0.953859 0.993247
hsa_art_100.fq.soap.bam 4 58916702 53484790 50324 0.99906 0.908658 0.953859 0.993247
hsa_art_100.fq.soap.bam 5 58916702 53484790 50324 0.99906 0.908658 0.953859 0.993247
hsa_art_100.fq.soap.bam 10 58916702 53484790 50324 0.99906 0.908658 0.953859 0.993247
hsa_art_100.fq.soap.bam 15 58916702 53484790 50324 0.99906 0.908658 0.953859 0.993247
hsa_art_100.fq.soap.bam 20 58916702 53484790 50324 0.99906 0.908658 0.953859 0.993247
hsa_art_100.fq.soap.bam 25 58916702 53484790 50324 0.99906 0.908658 0.953859 0.993247
hsa_art_100.fq.soap.bam 30 58916702 53484790 50324 0.99906 0.908658 0.953859 0.993247
BAM Q TOTAL CORRECT INCORRECT PRECISION RECALL F1 F25
hsa_art_100.fq.sr.bam 0 58916702 53933732 1385247 0.974959 0.938935 0.956947 0.972764
hsa_art_100.fq.sr.bam 1 58916702 53933732 1385247 0.974959 0.938935 0.956947 0.972764
hsa_art_100.fq.sr.bam 2 58916702 53933732 1385247 0.974959 0.938935 0.956947 0.972764
hsa_art_100.fq.sr.bam 3 58916702 53933732 1385247 0.974959 0.938935 0.956947 0.972764
hsa_art_100.fq.sr.bam 4 58916702 53933732 1385247 0.974959 0.938935 0.956947 0.972764
hsa_art_100.fq.sr.bam 5 58916702 53933732 1385247 0.974959 0.938935 0.956947 0.972764
hsa_art_100.fq.sr.bam 10 58916702 53933732 1385247 0.974959 0.938935 0.956947 0.972764
hsa_art_100.fq.sr.bam 15 58916702 53933732 1385247 0.974959 0.938935 0.956947 0.972764
hsa_art_100.fq.sr.bam 20 58916702 53933732 1385247 0.974959 0.938935 0.956947 0.972764
hsa_art_100.fq.sr.bam 25 58916702 53933732 1385247 0.974959 0.938935 0.956947 0.972764
hsa_art_100.fq.sr.bam 30 58916702 53933732 1385247 0.974959 0.938935 0.956947 0.972764
BAM Q TOTAL CORRECT INCORRECT PRECISION RECALL F1 F25
hsa_art_100.fq.bt2.bam 0 58916702 56942145 1919016 0.967398 0.999057 0.983227 0.969205
hsa_art_100.fq.bt2.bam 1 58916702 56939290 1840620 0.968686 0.997678 0.983182 0.970345
hsa_art_100.fq.bt2.bam 2 58916702 55478922 214084 0.996156 0.945284 0.97072 0.993012
hsa_art_100.fq.bt2.bam 3 58916702 55476546 137003 0.997537 0.943935 0.970736 0.994216
hsa_art_100.fq.bt2.bam 4 58916702 55476293 130366 0.997656 0.943818 0.970737 0.99432
hsa_art_100.fq.bt2.bam 5 58916702 55476175 128326 0.997692 0.943782 0.970737 0.994351
hsa_art_100.fq.bt2.bam 10 58916702 54588300 24198 0.999557 0.926944 0.963251 0.994972
hsa_art_100.fq.bt2.bam 15 58916702 54310644 11697 0.999785 0.922019 0.960902 0.994849
hsa_art_100.fq.bt2.bam 20 58916702 53836224 4916 0.999909 0.913852 0.956881 0.994401
hsa_art_100.fq.bt2.bam 25 58916702 53303382 2880 0.999946 0.904773 0.95236 0.993797
hsa_art_100.fq.bt2.bam 30 58916702 51697683 687 0.999987 0.877482 0.938735 0.991842
BAM Q TOTAL CORRECT INCORRECT PRECISION RECALL F1 F25
hsa_art_100.fq.bwamem.bam 0 58916702 57161125 1755518 0.970203 0.999999 0.985101 0.971906
hsa_art_100.fq.bwamem.bam 1 58916702 55459258 36735 0.999338 0.94194 0.970639 0.995769
hsa_art_100.fq.bwamem.bam 2 58916702 55436411 34264 0.999382 0.94151 0.970446 0.995782
hsa_art_100.fq.bwamem.bam 3 58916702 55389823 30812 0.999444 0.940661 0.970052 0.995784
hsa_art_100.fq.bwamem.bam 4 58916702 55357096 28111 0.999492 0.94006 0.969776 0.995789
hsa_art_100.fq.bwamem.bam 5 58916702 55309022 25143 0.999546 0.939193 0.969369 0.995782
hsa_art_100.fq.bwamem.bam 10 58916702 54769798 9560 0.999825 0.929776 0.9648 0.995414
hsa_art_100.fq.bwamem.bam 15 58916702 54449658 4900 0.99991 0.924264 0.962087 0.995119
hsa_art_100.fq.bwamem.bam 20 58916702 54400208 4072 0.999925 0.92341 0.961667 0.995075
hsa_art_100.fq.bwamem.bam 25 58916702 54161962 2497 0.999954 0.91934 0.959647 0.994823
hsa_art_100.fq.bwamem.bam 30 58916702 53559205 967 0.999982 0.909083 0.954533 0.994135
BAM Q TOTAL CORRECT INCORRECT PRECISION RECALL F1 F25
hsa_art_100.fq.bwaaln.bam 0 58916702 57159846 1729920 0.970624 0.999543 0.985084 0.972279
hsa_art_100.fq.bwaaln.bam 1 58916702 55605131 20230 0.999636 0.944136 0.971886 0.996191
hsa_art_100.fq.bwaaln.bam 2 58916702 55599676 18655 0.999665 0.944016 0.97184 0.996211
hsa_art_100.fq.bwaaln.bam 3 58916702 55593975 17114 0.999692 0.943893 0.971793 0.996228
hsa_art_100.fq.bwaaln.bam 4 58916702 55587429 15754 0.999717 0.943759 0.971738 0.996242
hsa_art_100.fq.bwaaln.bam 5 58916702 55578350 14117 0.999746 0.943577 0.971661 0.996257
hsa_art_100.fq.bwaaln.bam 10 58916702 55510406 7777 0.99986 0.942317 0.971089 0.996281
hsa_art_100.fq.bwaaln.bam 15 58916702 55394595 4044 0.999927 0.940288 0.970108 0.99621
hsa_art_100.fq.bwaaln.bam 20 58916702 55183796 1890 0.999966 0.936673 0.968319 0.996007
hsa_art_100.fq.bwaaln.bam 25 58916702 54526695 202 0.999996 0.925491 0.962743 0.995283
hsa_art_100.fq.bwaaln.bam 30 58916702 54480251 100 0.999998 0.924701 0.962349 0.995231
BAM Q TOTAL CORRECT INCORRECT PRECISION RECALL F1 F25
hsa_art_100.fq.star.bam 0 58916702 57191837 866475 0.985076 0.98543 0.985253 0.985097
hsa_art_100.fq.star.bam 1 58916702 56940220 656951 0.988594 0.977603 0.983098 0.987941
hsa_art_100.fq.star.bam 2 58916702 56463291 371260 0.993468 0.964659 0.979064 0.991726
hsa_art_100.fq.star.bam 3 58916702 56463291 371260 0.993468 0.964659 0.979064 0.991726
hsa_art_100.fq.star.bam 4 58916702 55611959 152358 0.997268 0.946494 0.971881 0.994131
hsa_art_100.fq.star.bam 5 58916702 55611959 152358 0.997268 0.946494 0.971881 0.994131
hsa_art_100.fq.star.bam 10 58916702 55611959 152358 0.997268 0.946494 0.971881 0.994131
hsa_art_100.fq.star.bam 15 58916702 55611959 152358 0.997268 0.946494 0.971881 0.994131
hsa_art_100.fq.star.bam 20 58916702 55611959 152358 0.997268 0.946494 0.971881 0.994131
hsa_art_100.fq.star.bam 25 58916702 55611959 152358 0.997268 0.946494 0.971881 0.994131
hsa_art_100.fq.star.bam 30 58916702 55611959 152358 0.997268 0.946494 0.971881 0.994131
BAM Q TOTAL CORRECT INCORRECT PRECISION RECALL F1 F25
hsa_art_200.fq.sr.bam 0 29455551 28583052 650744 0.97774 0.992472 0.985106 0.978594
hsa_art_200.fq.sr.bam 1 29455551 28583052 650744 0.97774 0.992472 0.985106 0.978594
hsa_art_200.fq.sr.bam 2 29455551 28583052 650744 0.97774 0.992472 0.985106 0.978594
hsa_art_200.fq.sr.bam 3 29455551 28583052 650744 0.97774 0.992472 0.985106 0.978594
hsa_art_200.fq.sr.bam 4 29455551 28583052 650744 0.97774 0.992472 0.985106 0.978594
hsa_art_200.fq.sr.bam 5 29455551 28583052 650744 0.97774 0.992472 0.985106 0.978594
hsa_art_200.fq.sr.bam 10 29455551 28583052 650744 0.97774 0.992472 0.985106 0.978594
hsa_art_200.fq.sr.bam 15 29455551 28583052 650744 0.97774 0.992472 0.985106 0.978594
hsa_art_200.fq.sr.bam 20 29455551 28583052 650744 0.97774 0.992472 0.985106 0.978594
hsa_art_200.fq.sr.bam 25 29455551 28583052 650744 0.97774 0.992472 0.985106 0.978594
hsa_art_200.fq.sr.bam 30 29455551 28583052 650744 0.97774 0.992472 0.985106 0.978594
BAM Q TOTAL CORRECT INCORRECT PRECISION RECALL F1 F25
hsa_art_200.fq.star.bam 0 29455551 28990589 218823 0.992508 0.991644 0.992076 0.992457
hsa_art_200.fq.star.bam 1 29455551 28907236 192917 0.993371 0.987934 0.990652 0.99305
hsa_art_200.fq.star.bam 2 29455551 28709459 66945 0.997674 0.976943 0.987308 0.99643
hsa_art_200.fq.star.bam 3 29455551 28709459 66945 0.997674 0.976943 0.987308 0.99643
hsa_art_200.fq.star.bam 4 29455551 28358688 16740 0.99941 0.96333 0.98137 0.997213
hsa_art_200.fq.star.bam 5 29455551 28358688 16740 0.99941 0.96333 0.98137 0.997213
hsa_art_200.fq.star.bam 10 29455551 28358688 16740 0.99941 0.96333 0.98137 0.997213
hsa_art_200.fq.star.bam 15 29455551 28358688 16740 0.99941 0.96333 0.98137 0.997213
hsa_art_200.fq.star.bam 20 29455551 28358688 16740 0.99941 0.96333 0.98137 0.997213
hsa_art_200.fq.star.bam 25 29455551 28358688 16740 0.99941 0.96333 0.98137 0.997213
hsa_art_200.fq.star.bam 30 29455551 28358688 16740 0.99941 0.96333 0.98137 0.997213
BAM Q TOTAL CORRECT INCORRECT PRECISION RECALL F1 F25
hsa_art_50.fq.bt2.bam 0 117832565 98410511 10464409 0.903886 0.92398 0.913933 0.905044
hsa_art_50.fq.bt2.bam 1 117832565 98264062 9022397 0.915904 0.910499 0.913201 0.915584
hsa_art_50.fq.bt2.bam 2 117832565 94799992 2276544 0.976549 0.823852 0.9002 0.966017
hsa_art_50.fq.bt2.bam 3 117832565 94763517 1539959 0.984009 0.817291 0.90065 0.972342
hsa_art_50.fq.bt2.bam 4 117832565 94733799 1442418 0.985002 0.816211 0.900607 0.973164
hsa_art_50.fq.bt2.bam 5 117832565 94717312 1418323 0.985247 0.815866 0.900556 0.97336
hsa_art_50.fq.bt2.bam 10 117832565 92794618 366547 0.996065 0.790623 0.893344 0.981069
hsa_art_50.fq.bt2.bam 15 117832565 91671794 216339 0.997646 0.77982 0.888733 0.981519
hsa_art_50.fq.bt2.bam 20 117832565 90029228 108726 0.998794 0.764966 0.88188 0.981152
hsa_art_50.fq.bt2.bam 25 117832565 87247032 61280 0.999298 0.740952 0.870125 0.979214
hsa_art_50.fq.bt2.bam 30 117832565 83456959 21479 0.999743 0.70845 0.854097 0.976134
BAM Q TOTAL CORRECT INCORRECT PRECISION RECALL F1 F25
hsa_art_50.fq.bwaaln.bam 0 117832565 103378754 8848421 0.921156 0.952429 0.936792 0.922939
hsa_art_50.fq.bwaaln.bam 1 117832565 99180662 595558 0.994031 0.846763 0.920397 0.983965
hsa_art_50.fq.bwaaln.bam 2 117832565 99163298 568927 0.994295 0.846389 0.920342 0.984178
hsa_art_50.fq.bwaaln.bam 3 117832565 99137347 535913 0.994623 0.845889 0.920256 0.984441
hsa_art_50.fq.bwaaln.bam 4 117832565 99101448 498199 0.994998 0.845264 0.920131 0.984737
hsa_art_50.fq.bwaaln.bam 5 117832565 99050810 454485 0.995433 0.844463 0.919948 0.985074
hsa_art_50.fq.bwaaln.bam 10 117832565 98608330 259479 0.997375 0.839053 0.918214 0.986426
hsa_art_50.fq.bwaaln.bam 15 117832565 97853929 146894 0.998501 0.831696 0.915099 0.986858
hsa_art_50.fq.bwaaln.bam 20 117832565 96766362 92964 0.99904 0.822008 0.910524 0.986542
hsa_art_50.fq.bwaaln.bam 25 117832565 94558678 63409 0.99933 0.803022 0.901176 0.985163
hsa_art_50.fq.bwaaln.bam 30 117832565 84015648 9999 0.999881 0.713094 0.856488 0.976773
BAM Q TOTAL CORRECT INCORRECT PRECISION RECALL F1 F25
hsa_art_50.fq.soap.bam 0 117832565 92399070 8076726 0.919615 0.8527 0.886157 0.915389
hsa_art_50.fq.soap.bam 1 117832565 88721795 702367 0.992146 0.758909 0.875528 0.974528
hsa_art_50.fq.soap.bam 2 117832565 88721795 702367 0.992146 0.758909 0.875528 0.974528
hsa_art_50.fq.soap.bam 3 117832565 88721795 702367 0.992146 0.758909 0.875528 0.974528
hsa_art_50.fq.soap.bam 4 117832565 88721795 702367 0.992146 0.758909 0.875528 0.974528
hsa_art_50.fq.soap.bam 5 117832565 88721795 702367 0.992146 0.758909 0.875528 0.974528
hsa_art_50.fq.soap.bam 10 117832565 88721795 702367 0.992146 0.758909 0.875528 0.974528
hsa_art_50.fq.soap.bam 15 117832565 88721795 702367 0.992146 0.758909 0.875528 0.974528
hsa_art_50.fq.soap.bam 20 117832565 88721795 702367 0.992146 0.758909 0.875528 0.974528
hsa_art_50.fq.soap.bam 25 117832565 88721795 702367 0.992146 0.758909 0.875528 0.974528
hsa_art_50.fq.soap.bam 30 117832565 88721795 702367 0.992146 0.758909 0.875528 0.974528
BAM Q TOTAL CORRECT INCORRECT PRECISION RECALL F1 F25
hsa_art_50.fq.bwamem.bam 0 117832565 104722905 10223009 0.911062 0.975502 0.943282 0.914616
hsa_art_50.fq.bwamem.bam 1 117832565 99067475 791884 0.99207 0.847468 0.919769 0.982212
hsa_art_50.fq.bwamem.bam 2 117832565 98866219 713393 0.992836 0.845094 0.918965 0.98273
hsa_art_50.fq.bwamem.bam 3 117832565 98674076 645937 0.993496 0.842891 0.918193 0.983163
hsa_art_50.fq.bwamem.bam 4 117832565 98471712 585065 0.994094 0.840657 0.917376 0.983534
hsa_art_50.fq.bwamem.bam 5 117832565 98231210 524195 0.994692 0.838099 0.916396 0.983878
hsa_art_50.fq.bwamem.bam 10 117832565 96930352 295630 0.996959 0.82512 0.91104 0.984894
hsa_art_50.fq.bwamem.bam 15 117832565 94979795 153804 0.998383 0.807363 0.902873 0.984679
hsa_art_50.fq.bwamem.bam 20 117832565 93732546 92948 0.999009 0.796261 0.897635 0.984267
hsa_art_50.fq.bwamem.bam 25 117832565 92925791 59466 0.99936 0.78913 0.894245 0.983941
hsa_art_50.fq.bwamem.bam 30 117832565 91041717 36504 0.999599 0.772946 0.886273 0.982649
BAM Q TOTAL CORRECT INCORRECT PRECISION RECALL F1 F25
hsa_art_50.fq.sr.bam 0 117832565 94564670 11202331 0.894085 0.897604 0.895844 0.894291
hsa_art_50.fq.sr.bam 1 117832565 94564670 11202331 0.894085 0.897604 0.895844 0.894291
hsa_art_50.fq.sr.bam 2 117832565 94564670 11202331 0.894085 0.897604 0.895844 0.894291
hsa_art_50.fq.sr.bam 3 117832565 94564670 11202331 0.894085 0.897604 0.895844 0.894291
hsa_art_50.fq.sr.bam 4 117832565 94564670 11202331 0.894085 0.897604 0.895844 0.894291
hsa_art_50.fq.sr.bam 5 117832565 94564670 11202331 0.894085 0.897604 0.895844 0.894291
hsa_art_50.fq.sr.bam 10 117832565 94564670 11202331 0.894085 0.897604 0.895844 0.894291
hsa_art_50.fq.sr.bam 15 117832565 94564670 11202331 0.894085 0.897604 0.895844 0.894291
hsa_art_50.fq.sr.bam 20 117832565 94564670 11202331 0.894085 0.897604 0.895844 0.894291
hsa_art_50.fq.sr.bam 25 117832565 94564670 11202331 0.894085 0.897604 0.895844 0.894291
hsa_art_50.fq.sr.bam 30 117832565 94564670 11202331 0.894085 0.897604 0.895844 0.894291
BAM Q TOTAL CORRECT INCORRECT PRECISION RECALL F1 F25
hsa_art_50.fq.star.bam 0 117832565 105538973 7357358 0.934831 0.958108 0.946469 0.936169
hsa_art_50.fq.star.bam 1 117832565 104818601 5759738 0.947913 0.938436 0.943175 0.94735
hsa_art_50.fq.star.bam 2 117832565 103619550 4110947 0.96184 0.914268 0.938054 0.958905
hsa_art_50.fq.star.bam 3 117832565 103619550 4110947 0.96184 0.914268 0.938054 0.958905
hsa_art_50.fq.star.bam 4 117832565 101429045 2357842 0.977282 0.8808 0.929041 0.971025
hsa_art_50.fq.star.bam 5 117832565 101429045 2357842 0.977282 0.8808 0.929041 0.971025
hsa_art_50.fq.star.bam 10 117832565 101429045 2357842 0.977282 0.8808 0.929041 0.971025
hsa_art_50.fq.star.bam 15 117832565 101429045 2357842 0.977282 0.8808 0.929041 0.971025
hsa_art_50.fq.star.bam 20 117832565 101429045 2357842 0.977282 0.8808 0.929041 0.971025
hsa_art_50.fq.star.bam 25 117832565 101429045 2357842 0.977282 0.8808 0.929041 0.971025
hsa_art_50.fq.star.bam 30 117832565 101429045 2357842 0.977282 0.8808 0.929041 0.971025
BAM Q TOTAL CORRECT INCORRECT PRECISION RECALL F1 F25
hsa_art_500.fq.soap.bam 0 5886912 0 0 0 0
hsa_art_500.fq.soap.bam 1 5886912 0 0 0 0
hsa_art_500.fq.soap.bam 2 5886912 0 0 0 0
hsa_art_500.fq.soap.bam 3 5886912 0 0 0 0
hsa_art_500.fq.soap.bam 4 5886912 0 0 0 0
hsa_art_500.fq.soap.bam 5 5886912 0 0 0 0
hsa_art_500.fq.soap.bam 10 5886912 0 0 0 0
hsa_art_500.fq.soap.bam 15 5886912 0 0 0 0
hsa_art_500.fq.soap.bam 20 5886912 0 0 0 0
hsa_art_500.fq.soap.bam 25 5886912 0 0 0 0
hsa_art_500.fq.soap.bam 30 5886912 0 0 0 0
BAM Q TOTAL CORRECT INCORRECT PRECISION RECALL F1 F25
hsa_art_500.fq.bwaaln.bam 0 5886912 0 0 0 0
hsa_art_500.fq.bwaaln.bam 1 5886912 0 0 0 0
hsa_art_500.fq.bwaaln.bam 2 5886912 0 0 0 0
hsa_art_500.fq.bwaaln.bam 3 5886912 0 0 0 0
hsa_art_500.fq.bwaaln.bam 4 5886912 0 0 0 0
hsa_art_500.fq.bwaaln.bam 5 5886912 0 0 0 0
hsa_art_500.fq.bwaaln.bam 10 5886912 0 0 0 0
hsa_art_500.fq.bwaaln.bam 15 5886912 0 0 0 0
hsa_art_500.fq.bwaaln.bam 20 5886912 0 0 0 0
hsa_art_500.fq.bwaaln.bam 25 5886912 0 0 0 0
hsa_art_500.fq.bwaaln.bam 30 5886912 0 0 0 0
BAM Q TOTAL CORRECT INCORRECT PRECISION RECALL F1 F25
hsa_art_500.fq.bwamem.bam 0 5886912 0 0 0 0
hsa_art_500.fq.bwamem.bam 1 5886912 0 0 0 0
hsa_art_500.fq.bwamem.bam 2 5886912 0 0 0 0
hsa_art_500.fq.bwamem.bam 3 5886912 0 0 0 0
hsa_art_500.fq.bwamem.bam 4 5886912 0 0 0 0
hsa_art_500.fq.bwamem.bam 5 5886912 0 0 0 0
hsa_art_500.fq.bwamem.bam 10 5886912 0 0 0 0
hsa_art_500.fq.bwamem.bam 15 5886912 0 0 0 0
hsa_art_500.fq.bwamem.bam 20 5886912 0 0 0 0
hsa_art_500.fq.bwamem.bam 25 5886912 0 0 0 0
hsa_art_500.fq.bwamem.bam 30 5886912 0 0 0 0
BAM Q TOTAL CORRECT INCORRECT PRECISION RECALL F1 F25
hsa_art_500.fq.star.bam 0 5886912 0 0 0 0
hsa_art_500.fq.star.bam 1 5886912 0 0 0 0
hsa_art_500.fq.star.bam 2 5886912 0 0 0 0
hsa_art_500.fq.star.bam 3 5886912 0 0 0 0
hsa_art_500.fq.star.bam 4 5886912 0 0 0 0
hsa_art_500.fq.star.bam 5 5886912 0 0 0 0
hsa_art_500.fq.star.bam 10 5886912 0 0 0 0
hsa_art_500.fq.star.bam 15 5886912 0 0 0 0
hsa_art_500.fq.star.bam 20 5886912 0 0 0 0
hsa_art_500.fq.star.bam 25 5886912 0 0 0 0
hsa_art_500.fq.star.bam 30 5886912 0 0 0 0
BAM Q TOTAL CORRECT INCORRECT PRECISION RECALL F1 F25
hsa_art_500.fq.bt2.bam 0 5886912 0 0 0 0
hsa_art_500.fq.bt2.bam 1 5886912 0 0 0 0
hsa_art_500.fq.bt2.bam 2 5886912 0 0 0 0
hsa_art_500.fq.bt2.bam 3 5886912 0 0 0 0
hsa_art_500.fq.bt2.bam 4 5886912 0 0 0 0
hsa_art_500.fq.bt2.bam 5 5886912 0 0 0 0
hsa_art_500.fq.bt2.bam 10 5886912 0 0 0 0
hsa_art_500.fq.bt2.bam 15 5886912 0 0 0 0
hsa_art_500.fq.bt2.bam 20 5886912 0 0 0 0
hsa_art_500.fq.bt2.bam 25 5886912 0 0 0 0
hsa_art_500.fq.bt2.bam 30 5886912 0 0 0 0
BAM Q TOTAL CORRECT INCORRECT PRECISION RECALL F1 F25
hsa_art_500.fq.sr.bam 0 5886912 0 0 0 0
hsa_art_500.fq.sr.bam 1 5886912 0 0 0 0
hsa_art_500.fq.sr.bam 2 5886912 0 0 0 0
hsa_art_500.fq.sr.bam 3 5886912 0 0 0 0
hsa_art_500.fq.sr.bam 4 5886912 0 0 0 0
hsa_art_500.fq.sr.bam 5 5886912 0 0 0 0
hsa_art_500.fq.sr.bam 10 5886912 0 0 0 0
hsa_art_500.fq.sr.bam 15 5886912 0 0 0 0
hsa_art_500.fq.sr.bam 20 5886912 0 0 0 0
hsa_art_500.fq.sr.bam 25 5886912 0 0 0 0
hsa_art_500.fq.sr.bam 30 5886912 0 0 0 0
BAM Q TOTAL CORRECT INCORRECT PRECISION RECALL F1 F25
hsa_art_500.fq.soap.bam 0 5886912 4694972 27821 0.994109 0.802253 0.898181 0.980318
hsa_art_500.fq.soap.bam 1 5886912 4652553 1275 0.999726 0.790538 0.895132 0.984403
hsa_art_500.fq.soap.bam 2 5886912 4652553 1275 0.999726 0.790538 0.895132 0.984403
hsa_art_500.fq.soap.bam 3 5886912 4652553 1275 0.999726 0.790538 0.895132 0.984403
hsa_art_500.fq.soap.bam 4 5886912 4652553 1275 0.999726 0.790538 0.895132 0.984403
hsa_art_500.fq.soap.bam 5 5886912 4652553 1275 0.999726 0.790538 0.895132 0.984403
hsa_art_500.fq.soap.bam 10 5886912 4652553 1275 0.999726 0.790538 0.895132 0.984403
hsa_art_500.fq.soap.bam 15 5886912 4652553 1275 0.999726 0.790538 0.895132 0.984403
hsa_art_500.fq.soap.bam 20 5886912 4652553 1275 0.999726 0.790538 0.895132 0.984403
hsa_art_500.fq.soap.bam 25 5886912 4652553 1275 0.999726 0.790538 0.895132 0.984403
hsa_art_500.fq.soap.bam 30 5886912 4652553 1275 0.999726 0.790538 0.895132 0.984403
BAM Q TOTAL CORRECT INCORRECT PRECISION RECALL F1 F25
hsa_art_500.fq.bt2.bam 0 5886912 5686878 96824 0.983259 0.982468 0.982864 0.983212
hsa_art_500.fq.bt2.bam 1 5886912 5653982 58268 0.989799 0.97033 0.980065 0.988632
hsa_art_500.fq.bt2.bam 2 5886912 5608445 29978 0.994683 0.95779 0.976236 0.992434
hsa_art_500.fq.bt2.bam 3 5886912 5598458 14064 0.997494 0.95339 0.975442 0.994787
hsa_art_500.fq.bt2.bam 4 5886912 5594596 12565 0.997759 0.952479 0.975119 0.994977
hsa_art_500.fq.bt2.bam 5 5886912 5593988 12061 0.997849 0.95229 0.97507 0.995049
hsa_art_500.fq.bt2.bam 10 5886912 5505764 2259 0.99959 0.935639 0.967615 0.995587
hsa_art_500.fq.bt2.bam 15 5886912 5450794 1362 0.99975 0.926149 0.96295 0.995098
hsa_art_500.fq.bt2.bam 20 5886912 5371124 942 0.999825 0.912544 0.956184 0.994231
hsa_art_500.fq.bt2.bam 25 5886912 5300843 375 0.999929 0.900509 0.950219 0.993477
hsa_art_500.fq.bt2.bam 30 5886912 5185043 228 0.999956 0.880813 0.940384 0.992062
BAM Q TOTAL CORRECT INCORRECT PRECISION RECALL F1 F25
hsa_art_500.fq.bwaaln.bam 0 5886912 5622708 43479 0.992327 0.962506 0.977416 0.990522
hsa_art_500.fq.bwaaln.bam 1 5886912 5571720 4352 0.99922 0.947198 0.973209 0.996002
hsa_art_500.fq.bwaaln.bam 2 5886912 5571694 4320 0.999225 0.947188 0.973207 0.996006
hsa_art_500.fq.bwaaln.bam 3 5886912 5571660 4282 0.999232 0.947176 0.973204 0.996012
hsa_art_500.fq.bwaaln.bam 4 5886912 5571625 4247 0.999238 0.947164 0.973201 0.996017
hsa_art_500.fq.bwaaln.bam 5 5886912 5571566 4191 0.999248 0.947145 0.973197 0.996025
hsa_art_500.fq.bwaaln.bam 10 5886912 5570865 3805 0.999317 0.94696 0.973139 0.996077
hsa_art_500.fq.bwaaln.bam 15 5886912 5570243 3275 0.999412 0.946764 0.973088 0.996154
hsa_art_500.fq.bwaaln.bam 20 5886912 5567684 2820 0.999494 0.946252 0.972873 0.996197
hsa_art_500.fq.bwaaln.bam 25 5886912 5543796 2297 0.999586 0.942106 0.970846 0.996011
hsa_art_500.fq.bwaaln.bam 30 5886912 5541824 1103 0.999801 0.941568 0.970684 0.996177
BAM Q TOTAL CORRECT INCORRECT PRECISION RECALL F1 F25
hsa_art_500.fq.bwamem.bam 0 5886912 5748552 137808 0.976589 0.999906 0.988247 0.97793
hsa_art_500.fq.bwamem.bam 1 5886912 5654135 25893 0.995441 0.964857 0.980149 0.993588
hsa_art_500.fq.bwamem.bam 2 5886912 5651224 23991 0.995773 0.964039 0.979906 0.993849
hsa_art_500.fq.bwamem.bam 3 5886912 5645830 22150 0.996092 0.96281 0.979451 0.994071
hsa_art_500.fq.bwamem.bam 4 5886912 5643987 20461 0.996388 0.96221 0.979299 0.99431
hsa_art_500.fq.bwamem.bam 5 5886912 5623857 19028 0.996628 0.958548 0.977588 0.994304
hsa_art_500.fq.bwamem.bam 10 5886912 5618416 14415 0.997441 0.95684 0.97714 0.994958
hsa_art_500.fq.bwamem.bam 15 5886912 5595240 11732 0.997908 0.952447 0.975178 0.995114
hsa_art_500.fq.bwamem.bam 20 5886912 5586131 9116 0.998371 0.950455 0.974413 0.995419
hsa_art_500.fq.bwamem.bam 25 5886912 5567375 7100 0.998726 0.946927 0.972827 0.995523
hsa_art_500.fq.bwamem.bam 30 5886912 5551295 5624 0.998988 0.943945 0.971467 0.995573
BAM Q TOTAL CORRECT INCORRECT PRECISION RECALL F1 F25
hsa_art_500.fq.star.bam 0 5886912 5677731 54219 0.990541 0.973677 0.982109 0.989533
hsa_art_500.fq.star.bam 1 5886912 5666574 46733 0.99182 0.97051 0.981165 0.990541
hsa_art_500.fq.star.bam 2 5886912 5646799 33057 0.99418 0.964828 0.979504 0.992404
hsa_art_500.fq.star.bam 3 5886912 5646799 33057 0.99418 0.964828 0.979504 0.992404
hsa_art_500.fq.star.bam 4 5886912 5598147 22861 0.995933 0.954831 0.975382 0.993418
hsa_art_500.fq.star.bam 5 5886912 5598147 22861 0.995933 0.954831 0.975382 0.993418
hsa_art_500.fq.star.bam 10 5886912 5598147 22861 0.995933 0.954831 0.975382 0.993418
hsa_art_500.fq.star.bam 15 5886912 5598147 22861 0.995933 0.954831 0.975382 0.993418
hsa_art_500.fq.star.bam 20 5886912 5598147 22861 0.995933 0.954831 0.975382 0.993418
hsa_art_500.fq.star.bam 25 5886912 5598147 22861 0.995933 0.954831 0.975382 0.993418
hsa_art_500.fq.star.bam 30 5886912 5598147 22861 0.995933 0.954831 0.975382 0.993418
BAM Q TOTAL CORRECT INCORRECT PRECISION RECALL F1 F25
hsa_art_500.fq.sr.bam 0 5886912 5675566 120760 0.979166 0.984612 0.981889 0.979485
hsa_art_500.fq.sr.bam 1 5886912 5675566 120760 0.979166 0.984612 0.981889 0.979485
hsa_art_500.fq.sr.bam 2 5886912 5675566 120760 0.979166 0.984612 0.981889 0.979485
hsa_art_500.fq.sr.bam 3 5886912 5675566 120760 0.979166 0.984612 0.981889 0.979485
hsa_art_500.fq.sr.bam 4 5886912 5675566 120760 0.979166 0.984612 0.981889 0.979485
hsa_art_500.fq.sr.bam 5 5886912 5675566 120760 0.979166 0.984612 0.981889 0.979485
hsa_art_500.fq.sr.bam 10 5886912 5675566 120760 0.979166 0.984612 0.981889 0.979485
hsa_art_500.fq.sr.bam 15 5886912 5675566 120760 0.979166 0.984612 0.981889 0.979485
hsa_art_500.fq.sr.bam 20 5886912 5675566 120760 0.979166 0.984612 0.981889 0.979485
hsa_art_500.fq.sr.bam 25 5886912 5675566 120760 0.979166 0.984612 0.981889 0.979485
hsa_art_500.fq.sr.bam 30 5886912 5675566 120760 0.979166 0.984612 0.981889 0.979485
