torrent_480.fq.bwa.read1.fastq.soap.bam 10 1000000 228 0 1 0.000228 0.000455896 0.00386191
torrent_200.fq.bwa.read1.fastq.soap.bam 10 1000000 27837 79 0.99717 0.027916 0.0543115 0.32776
torrent_100.fq.bwa.read1.fastq.soap.bam 10 1000000 164203 972 0.994115 0.165175 0.283282 0.767532
torrent_50.fq.bwa.read1.fastq.soap.bam 10 1000000 381007 6879 0.982265 0.387886 0.556153 0.901046
torrent_100.fq.bwa.read1.fastq.bwaaln.bam 10 1000000 474896 4752 0.990093 0.479648 0.646231 0.931764
torrent_200.fq.bwa.read1.fastq.bwaaln.bam 10 1000000 160022 1884 0.988364 0.161906 0.278234 0.760123
torrent_50.fq.bwa.read1.fastq.bwaaln.bam 10 1000000 676257 13103 0.980993 0.68936 0.809718 0.957174
torrent_50.fq.bwa.read1.fastq.bt2.bam 10 1000000 657722 3218 0.995131 0.66094 0.794316 0.966388
torrent_50.fq.bwa.read1.fastq.tmap.bam 10 1000000 702598 9333 0.986891 0.711931 0.827159 0.964968
torrent_50.fq.bwa.read1.fastq.star.bam 10 1000000 751250 17834 0.976811 0.769084 0.86059 0.961534
torrent_50.fq.bwa.read1.fastq.bwamem.bam 10 1000000 783378 2240 0.997149 0.785618 0.878834 0.981602
torrent_50.fq.bwa.read1.fastq.sr.bam 10 1000000 773071 83284 0.902746 0.856355 0.878939 0.899878
torrent_100.fq.bwa.read1.fastq.tmap.bam 10 1000000 737218 15109 0.979917 0.752327 0.851171 0.962784
torrent_100.fq.bwa.read1.fastq.bt2.bam 10 1000000 772641 859 0.998889 0.7735 0.871864 0.982056
torrent_100.fq.bwa.read1.fastq.star.bam 10 1000000 798078 7295 0.990942 0.805373 0.888572 0.977691
torrent_100.fq.bwa.read1.fastq.sr.bam 10 1000000 814839 30981 0.963372 0.84582 0.900777 0.95556
torrent_100.fq.bwa.read1.fastq.bwamem.bam 10 1000000 871797 317 0.999637 0.872114 0.931531 0.991112
torrent_200.fq.bwa.read1.fastq.sr.bam 10 1000000 621042 25591 0.960424 0.646633 0.772893 0.933769
torrent_200.fq.bwa.read1.fastq.star.bam 10 1000000 753456 2991 0.996046 0.756447 0.859868 0.977827
torrent_200.fq.bwa.read1.fastq.tmap.bam 10 1000000 745900 19903 0.97401 0.765803 0.857448 0.958678
torrent_200.fq.bwa.read1.fastq.bt2.bam 10 1000000 844966 423 0.9995 0.845389 0.916008 0.988896
torrent_480.fq.bwa.read1.fastq.bwaaln.bam 10 1000000 3619 59 0.983959 0.003678 0.00732861 0.0589975
torrent_200.fq.bwa.read1.fastq.bwamem.bam 10 1000000 895580 67 0.999925 0.895647 0.944918 0.993123
torrent_480.fq.bwa.read1.fastq.star.bam 10 1000000 556207 512 0.99908 0.556719 0.715011 0.954468
torrent_480.fq.bwa.read1.fastq.sr.bam 10 1000000 156832 7730 0.953027 0.164562 0.280661 0.743483
torrent_480.fq.bwa.read1.fastq.tmap.bam 10 1000000 752869 24565 0.968402 0.777434 0.862473 0.954609
torrent_480.fq.bwa.read1.fastq.bt2.bam 10 1000000 878025 312 0.999645 0.878337 0.935073 0.991589
torrent_480.fq.bwa.read1.fastq.bwamem.bam 10 1000000 912666 19 0.999979 0.912685 0.95434 0.994384
